16 : 
2.146260287680856662e-7 [ 0.  0.  1.  0.  1. -1. -1.  0. -1.  0. -1.  1.  1.  0. -1.  1.]
2.277136635122614574e-7 [-1. -1. -1.  1.  0.  1. -1.  1.  0.  1.  0. -1. -1.  0.  1.  0.]
2.2771366351228856245e-7 [ 1. -1. -1.  1.  0.  0. -1.  1.  0.  1.  0. -1. -1.  0.  1.  0.]
9.5702373594208330412e-7 [ 1. -1.  0.  0. -1.  0. -1. -1.  1.  0. -1.  0. -1.  1.  1.  1.]
9.5702373594211040918e-7 [-1. -1.  0.  0. -1.  1. -1. -1.  1.  0. -1.  0. -1.  1.  1.  1.]
1.5740123413052870514e-6 [-1.  0. -1. -1.  1. -1.  1.  0.  1.  1. -1.  1.  0. -1. -1.  1.]
3.5319675021670089363e-6 [ 0.  0.  0. -1. -1. -1.  1. -1.  0.  1.  0.  1.  0. -1.  0.  1.]
3.8474348253577598383e-6 [ 0. -1.  1.  0. -1.  1.  1.  1.  0. -1. -1. -1.  1. -1.  0.  1.]
4.4610741846366883025e-6 [ 0.  1.  1. -1. -1.  0. -1.  1.  0. -1. -1.  1.  1.  0. -1.  1.]
4.462129397880322014e-6 [ 0.  0. -1.  0. -1.  1.  1. -1.  1.  1.  0.  1. -1.  1. -1. -1.]
5.0753159287945064223e-6 [ 1.  0.  0. -1.  0.  1.  1.  0.  1.  0. -1.  0.  0. -1.  1. -1.]
5.2189640992251801373e-6 [ 1.  1.  0.  1.  1. -1.  0.  0.  0.  1.  0.  0. -1.  0.  0. -1.]
7.1769192600869020221e-6 [ 0.  1.  1.  1. -1.  0.  0. -1. -1.  1.  1.  0. -1.  0.  1. -1.]
9.048076200527020393e-6 [-1. -1.  0.  1. -1.  0.  0.  1.  0. -1.  1.  0.  0.  0.  1. -1.]
9.048076200527047498e-6 [ 1. -1.  0.  1. -1. -1.  0.  1.  0. -1.  1.  0.  0.  0.  1. -1.]


16 : 
0.0000002146260287681002311919343 [ 0.  0.  1.  0.  1. -1. -1.  0. -1.  0. -1.  1.  1.  0. -1.  1.]
0.0000002277136635122693788924149 [-1. -1. -1.  1.  0.  1. -1.  1.  0.  1.  0. -1. -1.  0.  1.  0.]
0.0000009570237359421128894788522 [-1. -1.  0.  0. -1.  1. -1. -1.  1.  0. -1.  0. -1.  1.  1.  1.]
0.00000157401234130527786063125 [-1.  0. -1. -1.  1. -1.  1.  0.  1.  1. -1.  1.  0. -1. -1.  1.]
0.000003531967502166996233045185 [ 0.  0.  0. -1. -1. -1.  1. -1.  0.  1.  0.  1.  0. -1.  0.  1.]
0.000003847434825357759263849886 [ 0. -1.  1.  0. -1.  1.  1.  1.  0. -1. -1. -1.  1. -1.  0.  1.]
0.000004461074184636680945180252 [ 0.  1.  1. -1. -1.  0. -1.  1.  0. -1. -1.  1.  1.  0. -1.  1.]
0.000004462129397880288925940022 [ 0.  0. -1.  0. -1.  1.  1. -1.  1.  1.  0.  1. -1.  1. -1. -1.]
0.000005075315928794526776346325 [ 1.  0.  0. -1.  0.  1.  1.  0.  1.  0. -1.  0.  0. -1.  1. -1.]
0.0000052189640992251739861485 [-1.  1.  0.  1.  1.  0.  0.  0.  0.  1.  0.  0. -1.  0.  0. -1.]
0.000005218964099225173986355295 [ 1.  1.  0.  1.  1. -1.  0.  0.  0.  1.  0.  0. -1.  0.  0. -1.]
0.000007176919260086892358562436 [ 0.  1.  1.  1. -1.  0.  0. -1. -1.  1.  1.  0. -1.  0.  1. -1.]
0.000009048076200527045174879725 [ 1. -1.  0.  1. -1. -1.  0.  1.  0. -1.  1.  0.  0.  0.  1. -1.]


16 : 
0.000000214626028768100231552721451635 [ 0.  0.  1.  0.  1. -1. -1.  0. -1.  0. -1.  1.  1.  0. -1.  1.]
0.000000227713663512269378986942535198 [-1. -1. -1.  1.  0.  1. -1.  1.  0.  1.  0. -1. -1.  0.  1.  0.]
0.00000095702373594211288960322398559 [-1. -1.  0.  0. -1.  1. -1. -1.  1.  0. -1.  0. -1.  1.  1.  1.]
0.00000157401234130527786059487361936 [-1.  0. -1. -1.  1. -1.  1.  0.  1.  1. -1.  1.  0. -1. -1.  1.]
0.00000353196750216699623298972182726 [ 0.  0.  0. -1. -1. -1.  1. -1.  0.  1.  0.  1.  0. -1.  0.  1.]
0.0000038474348253577592641693300837 [ 0. -1.  1.  0. -1.  1.  1.  1.  0. -1. -1. -1.  1. -1.  0.  1.]
0.00000446107418463668094503248533812 [ 0.  1.  1. -1. -1.  0. -1.  1.  0. -1. -1.  1.  1.  0. -1.  1.]
0.00000446212939788028892572173200884 [ 0.  0. -1.  0. -1.  1.  1. -1.  1.  1.  0.  1. -1.  1. -1. -1.]
0.00000507531592879452677636569636115 [ 1.  0.  0. -1.  0.  1.  1.  0.  1.  0. -1.  0.  0. -1.  1. -1.]
0.00000521896409922517398612993499959 [ 1.  1.  0.  1.  1. -1.  0.  0.  0.  1.  0.  0. -1.  0.  0. -1.]
0.00000521896409922517398612993657732 [-1.  1.  0.  1.  1.  0.  0.  0.  0.  1.  0.  0. -1.  0.  0. -1.]
0.00000717691926008689235852478162977 [ 0.  1.  1.  1. -1.  0.  0. -1. -1.  1.  1.  0. -1.  0.  1. -1.]
0.00000904807620052704517470887020776 [ 1. -1.  0.  1. -1. -1.  0.  1.  0. -1.  1.  0.  0.  0.  1. -1.]


16 : 
0.00000021462602876810023155271744673633325 [ 0.  0.  1.  0.  1. -1. -1.  0. -1.  0. -1.  1.  1.  0. -1.  1.]
0.00000022771366351226937898694373191024526 [ 1. -1. -1.  1.  0.  0. -1.  1.  0.  1.  0. -1. -1.  0.  1.  0.]
0.00000022771366351226937898694373192228233 [-1. -1. -1.  1.  0.  1. -1.  1.  0.  1.  0. -1. -1.  0.  1.  0.]
0.00000095702373594211288960322480943104969 [ 1. -1.  0.  0. -1.  0. -1. -1.  1.  0. -1.  0. -1.  1.  1.  1.]
0.00000095702373594211288960322480945512381 [-1. -1.  0.  0. -1.  1. -1. -1.  1.  0. -1.  0. -1.  1.  1.  1.]
0.0000015740123413052778605948746589081386 [-1.  0. -1. -1.  1. -1.  1.  0.  1.  1. -1.  1.  0. -1. -1.  1.]
0.0000035319675021669962329897227956464249 [ 0.  0.  0. -1. -1. -1.  1. -1.  0.  1.  0.  1.  0. -1.  0.  1.]
0.0000038474348253577592641693302199639833 [ 0. -1.  1.  0. -1.  1.  1.  1.  0. -1. -1. -1.  1. -1.  0.  1.]
0.0000044610741846366809450324829363400753 [ 0.  1.  1. -1. -1.  0. -1.  1.  0. -1. -1.  1.  1.  0. -1.  1.]
0.0000044621293978802889257217332462746503 [ 0.  0. -1.  0. -1.  1.  1. -1.  1.  1.  0.  1. -1.  1. -1. -1.]
0.0000050753159287945267763656977815907206 [ 1.  0.  0. -1.  0.  1.  1.  0.  1.  0. -1.  0.  0. -1.  1. -1.]
0.0000052189640992251739861299355658182212 [ 1.  1.  0.  1.  1. -1.  0.  0.  0.  1.  0.  0. -1.  0.  0. -1.]
0.0000071769192600868923585247837025324334 [ 0.  1.  1.  1. -1.  0.  0. -1. -1.  1.  1.  0. -1.  0.  1. -1.]
0.0000090480762005270451747088693698593801 [ 1. -1.  0.  1. -1. -1.  0.  1.  0. -1.  1.  0.  0.  0.  1. -1.]


16 : 
0.0000002146260287681002315527174467369004235247 [ 0.  0.  1.  0.  1. -1. -1.  0. -1.  0. -1.  1.  1.  0. -1.  1.]
0.0000002277136635122693789869437319164199154429 [-1. -1. -1.  1.  0.  1. -1.  1.  0.  1.  0. -1. -1.  0.  1.  0.]
0.0000009570237359421128896032248094341210364045 [-1. -1.  0.  0. -1.  1. -1. -1.  1.  0. -1.  0. -1.  1.  1.  1.]
0.000001574012341305277860594874658909059518684 [-1.  0. -1. -1.  1. -1.  1.  0.  1.  1. -1.  1.  0. -1. -1.  1.]
0.000003531967502166996232989722795632892234946 [ 0.  0.  0. -1. -1. -1.  1. -1.  0.  1.  0.  1.  0. -1.  0.  1.]
0.000003847434825357759264169330219969986025688 [ 0. -1.  1.  0. -1.  1.  1.  1.  0. -1. -1. -1.  1. -1.  0.  1.]
0.00000446107418463668094503248293634601810946 [ 0.  1.  1. -1. -1.  0. -1.  1.  0. -1. -1.  1.  1.  0. -1.  1.]
0.000004462129397880288925721733246248197960083 [ 0.  0. -1.  0. -1.  1.  1. -1.  1.  1.  0.  1. -1.  1. -1. -1.]
0.000005075315928794526776365697781584488091592 [ 1.  0.  0. -1.  0.  1.  1.  0.  1.  0. -1.  0.  0. -1.  1. -1.]
0.000005218964099225173986129935565828671685008 [ 1.  1.  0.  1.  1. -1.  0.  0.  0.  1.  0.  0. -1.  0.  0. -1.]
0.00000521896409922517398612993556582867205235 [-1.  1.  0.  1.  1.  0.  0.  0.  0.  1.  0.  0. -1.  0.  0. -1.]
0.000007176919260086892358524783702552504217598 [ 0.  1.  1.  1. -1.  0.  0. -1. -1.  1.  1.  0. -1.  0.  1. -1.]
0.000009048076200527045174708869369874338797265 [ 1. -1.  0.  1. -1. -1.  0.  1.  0. -1.  1.  0.  0.  0.  1. -1.]


16 : 
0.000000214626028768100231552717446736900442215193928 [ 0.  0.  1.  0.  1. -1. -1.  0. -1.  0. -1.  1.  1.  0. -1.  1.]
0.000000227713663512269378986943731916419774158334209 [-1. -1. -1.  1.  0.  1. -1.  1.  0.  1.  0. -1. -1.  0.  1.  0.]
0.00000095702373594211288960322480943412072666704354 [ 1. -1.  0.  0. -1.  0. -1. -1.  1.  0. -1.  0. -1.  1.  1.  1.]
0.000000957023735942112889603224809434120726669846137 [-1. -1.  0.  0. -1.  1. -1. -1.  1.  0. -1.  0. -1.  1.  1.  1.]
0.00000157401234130527786059487465890905984886923407 [-1.  0. -1. -1.  1. -1.  1.  0.  1.  1. -1.  1.  0. -1. -1.  1.]
0.00000353196750216699623298972279563289238567770429 [ 0.  0.  0. -1. -1. -1.  1. -1.  0.  1.  0.  1.  0. -1.  0.  1.]
0.00000384743482535775926416933021996998665501119834 [ 0. -1.  1.  0. -1.  1.  1.  1.  0. -1. -1. -1.  1. -1.  0.  1.]
0.00000446107418463668094503248293634601849068028839 [ 0.  1.  1. -1. -1.  0. -1.  1.  0. -1. -1.  1.  1.  0. -1.  1.]
0.00000446212939788028892572173324624819796566576243 [ 0.  0. -1.  0. -1.  1.  1. -1.  1.  1.  0.  1. -1.  1. -1. -1.]
0.00000507531592879452677636569778158448806288678003 [ 1.  0.  0. -1.  0.  1.  1.  0.  1.  0. -1.  0.  0. -1.  1. -1.]
0.00000521896409922517398612993556582867164888214055 [-1.  1.  0.  1.  1.  0.  0.  0.  0.  1.  0.  0. -1.  0.  0. -1.]
0.00000521896409922517398612993556582867164888354185 [ 1.  1.  0.  1.  1. -1.  0.  0.  0.  1.  0.  0. -1.  0.  0. -1.]
0.00000717691926008689235852478370255250418568780817 [ 0.  1.  1.  1. -1.  0.  0. -1. -1.  1.  1.  0. -1.  0.  1. -1.]
0.00000904807620052704517470886936987433872292217239 [ 1. -1.  0.  1. -1. -1.  0.  1.  0. -1.  1.  0.  0.  0.  1. -1.]
0.00000904807620052704517470886936987433872292497499 [-1. -1.  0.  1. -1.  0.  0.  1.  0. -1.  1.  0.  0.  0.  1. -1.]


16 : 
0.00000021462602876810023155271744673690044221257649985404 [ 0.  0.  1.  0.  1. -1. -1.  0. -1.  0. -1.  1.  1.  0. -1.  1.]
0.00000022771366351226937898694373191641977415946023411049 [-1. -1. -1.  1.  0.  1. -1.  1.  0.  1.  0. -1. -1.  0.  1.  0.]
0.0000002277136635122693789869437319164197741594602554926 [ 1. -1. -1.  1.  0.  0. -1.  1.  0.  1.  0. -1. -1.  0.  1.  0.]
0.00000095702373594211288960322480943412072666897460218474 [-1. -1.  0.  0. -1.  1. -1. -1.  1.  0. -1.  0. -1.  1.  1.  1.]
0.0000015740123413052778605948746589090598488694390375033 [-1.  0. -1. -1.  1. -1.  1.  0.  1.  1. -1.  1.  0. -1. -1.  1.]
0.0000035319675021669962329897227956328923856775313327013 [ 0.  0.  0. -1. -1. -1.  1. -1.  0.  1.  0.  1.  0. -1.  0.  1.]
0.0000038474348253577592641693302199699866550103118381134 [ 0. -1.  1.  0. -1.  1.  1.  1.  0. -1. -1. -1.  1. -1.  0.  1.]
0.0000044610741846366809450324829363460184906819750521004 [ 0.  1.  1. -1. -1.  0. -1.  1.  0. -1. -1.  1.  1.  0. -1.  1.]
0.0000044621293978802889257217332462481979656650130324562 [ 0.  0. -1.  0. -1.  1.  1. -1.  1.  1.  0.  1. -1.  1. -1. -1.]
0.0000050753159287945267763656977815844880628880926569 [ 1.  0.  0. -1.  0.  1.  1.  0.  1.  0. -1.  0.  0. -1.  1. -1.]
0.0000052189640992251739861299355658286716488828147044926 [-1.  1.  0.  1.  1.  0.  0.  0.  0.  1.  0.  0. -1.  0.  0. -1.]
0.0000052189640992251739861299355658286716488828147258747 [ 1.  1.  0.  1.  1. -1.  0.  0.  0.  1.  0.  0. -1.  0.  0. -1.]
0.0000071769192600868923585247837025525041856909069569263 [ 0.  1.  1.  1. -1.  0.  0. -1. -1.  1.  1.  0. -1.  0.  1. -1.]
0.0000090480762005270451747088693698743387229229966954593 [ 1. -1.  0.  1. -1. -1.  0.  1.  0. -1.  1.  0.  0.  0.  1. -1.]


16 : 
0.0000002146260287681002315527174467369004422125764834562790083 [ 0.  0.  1.  0.  1. -1. -1.  0. -1.  0. -1.  1.  1.  0. -1.  1.]
0.0000002277136635122693789869437319164197741594602473480441072 [-1. -1. -1.  1.  0.  1. -1.  1.  0.  1.  0. -1. -1.  0.  1.  0.]
0.0000009570237359421128896032248094341207266689745956927146429 [ 1. -1.  0.  0. -1.  0. -1. -1.  1.  0. -1.  0. -1.  1.  1.  1.]
0.0000009570237359421128896032248094341207266689745956930409081 [-1. -1.  0.  0. -1.  1. -1. -1.  1.  0. -1.  0. -1.  1.  1.  1.]
0.000001574012341305277860594874658909059848869439049992406906 [-1.  0. -1. -1.  1. -1.  1.  0.  1.  1. -1.  1.  0. -1. -1.  1.]
0.00000353196750216699623298972279563289238567753135159925562 [ 0.  0.  0. -1. -1. -1.  1. -1.  0.  1.  0.  1.  0. -1.  0.  1.]
0.000003847434825357759264169330219969986655010311825659816576 [ 0. -1.  1.  0. -1.  1.  1.  1.  0. -1. -1. -1.  1. -1.  0.  1.]
0.000004461074184636680945032482936346018490681975062605171301 [ 0.  1.  1. -1. -1.  0. -1.  1.  0. -1. -1.  1.  1.  0. -1.  1.]
0.000004462129397880288925721733246248197965665013037530289516 [ 0.  0. -1.  0. -1.  1.  1. -1.  1.  1.  0.  1. -1.  1. -1. -1.]
0.000005075315928794526776365697781584488062888092682208536667 [ 1.  0.  0. -1.  0.  1.  1.  0.  1.  0. -1.  0.  0. -1.  1. -1.]
0.00000521896409922517398612993556582867164888281470552648602 [-1.  1.  0.  1.  1.  0.  0.  0.  0.  1.  0.  0. -1.  0.  0. -1.]
0.000005218964099225173986129935565828671648882814705526649153 [ 1.  1.  0.  1.  1. -1.  0.  0.  0.  1.  0.  0. -1.  0.  0. -1.]
0.000007176919260086892358524783702552504185690907007133661 [ 0.  1.  1.  1. -1.  0.  0. -1. -1.  1.  1.  0. -1.  0.  1. -1.]
0.00000904807620052704517470886936987433872292299671653117277 [ 1. -1.  0.  1. -1. -1.  0.  1.  0. -1.  1.  0.  0.  0.  1. -1.]
0.000009048076200527045174708869369874338722922996716531335902 [-1. -1.  0.  1. -1.  0.  0.  1.  0. -1.  1.  0.  0.  0.  1. -1.]


16 : 
0.000000214626028768100231552717446736900442212576483456298926920316 [ 0.  0.  1.  0.  1. -1. -1.  0. -1.  0. -1.  1.  1.  0. -1.  1.]
0.000000227713663512269378986943731916419774159460247348104314903541 [ 1. -1. -1.  1.  0.  0. -1.  1.  0.  1.  0. -1. -1.  0.  1.  0.]
0.000000227713663512269378986943731916419774159460247348104316148144 [-1. -1. -1.  1.  0.  1. -1.  1.  0.  1.  0. -1. -1.  0.  1.  0.]
0.000000957023735942112889603224809434120726668974595692767140253489 [-1. -1.  0.  0. -1.  1. -1. -1.  1.  0. -1.  0. -1.  1.  1.  1.]
0.000000957023735942112889603224809434120726668974595692767142742695 [ 1. -1.  0.  0. -1.  0. -1. -1.  1.  0. -1.  0. -1.  1.  1.  1.]
0.00000157401234130527786059487465890905984886943904999208983097176 [-1.  0. -1. -1.  1. -1.  1.  0.  1.  1. -1.  1.  0. -1. -1.  1.]
0.00000353196750216699623298972279563289238567753135159922488241128 [ 0.  0.  0. -1. -1. -1.  1. -1.  0.  1.  0.  1.  0. -1.  0.  1.]
0.00000384743482535775926416933021996998665501031182565959476290254 [ 0. -1.  1.  0. -1.  1.  1.  1.  0. -1. -1. -1.  1. -1.  0.  1.]
0.00000446107418463668094503248293634601849068197506260500412065927 [ 0.  1.  1. -1. -1.  0. -1.  1.  0. -1. -1.  1.  1.  0. -1.  1.]
0.00000446212939788028892572173324624819796566501303753055166887598 [ 0.  0. -1.  0. -1.  1.  1. -1.  1.  1.  0.  1. -1.  1. -1. -1.]
0.00000507531592879452677636569778158448806288809268220859088167705 [ 1.  0.  0. -1.  0.  1.  1.  0.  1.  0. -1.  0.  0. -1.  1. -1.]
0.00000521896409922517398612993556582867164888281470552660824640367 [ 1.  1.  0.  1.  1. -1.  0.  0.  0.  1.  0.  0. -1.  0.  0. -1.]
0.00000717691926008689235852478370255250418569090700713374329535399 [ 0.  1.  1.  1. -1.  0.  0. -1. -1.  1.  1.  0. -1.  0.  1. -1.]
0.00000904807620052704517470886936987433872292299671653129477451866 [-1. -1.  0.  1. -1.  0.  0.  1.  0. -1.  1.  0.  0.  0.  1. -1.]
0.00000904807620052704517470886936987433872292299671653129477576326 [ 1. -1.  0.  1. -1. -1.  0.  1.  0. -1.  1.  0.  0.  0.  1. -1.]


16 : 
0.00000021462602876810023155271744673690044221257648345629892548815665817 [ 0.  0.  1.  0.  1. -1. -1.  0. -1.  0. -1.  1.  1.  0. -1.  1.]
0.00000022771366351226937898694373191641977415946024734810431502079178723 [-1. -1. -1.  1.  0.  1. -1.  1.  0.  1.  0. -1. -1.  0.  1.  0.]
0.00000095702373594211288960322480943412072666897459569276713958173467911 [-1. -1.  0.  0. -1.  1. -1. -1.  1.  0. -1.  0. -1.  1.  1.  1.]
0.00000095702373594211288960322480943412072666897459569276713958177266138 [ 1. -1.  0.  0. -1.  0. -1. -1.  1.  0. -1.  0. -1.  1.  1.  1.]
0.0000015740123413052778605948746589090598488694390499920898337154479514 [-1.  0. -1. -1.  1. -1.  1.  0.  1.  1. -1.  1.  0. -1. -1.  1.]
0.0000035319675021669962329897227956328923856775313515992248822352161666 [ 0.  0.  0. -1. -1. -1.  1. -1.  0.  1.  0.  1.  0. -1.  0.  1.]
0.0000038474348253577592641693302199699866550103118256595947606038514272 [ 0. -1.  1.  0. -1.  1.  1.  1.  0. -1. -1. -1.  1. -1.  0.  1.]
0.0000044610741846366809450324829363460184906819750626050041201929579271 [ 0.  1.  1. -1. -1.  0. -1.  1.  0. -1. -1.  1.  1.  0. -1.  1.]
0.0000044621293978802889257217332462481979656650130375305516695549514963 [ 0.  0. -1.  0. -1.  1.  1. -1.  1.  1.  0.  1. -1.  1. -1. -1.]
0.0000050753159287945267763656977815844880628880926822085908814423146902 [ 1.  0.  0. -1.  0.  1.  1.  0.  1.  0. -1.  0.  0. -1.  1. -1.]
0.0000052189640992251739861299355658286716488828147055266082464826198641 [ 1.  1.  0.  1.  1. -1.  0.  0.  0.  1.  0.  0. -1.  0.  0. -1.]
0.0000052189640992251739861299355658286716488828147055266082464826388552 [-1.  1.  0.  1.  1.  0.  0.  0.  0.  1.  0.  0. -1.  0.  0. -1.]
0.0000071769192600868923585247837025525041856909070071337432950024260616 [ 0.  1.  1.  1. -1.  0.  0. -1. -1.  1.  1.  0. -1.  0.  1. -1.]
0.0000090480762005270451747088693698743387229229967165312947746120548094 [-1. -1.  0.  1. -1.  0.  0.  1.  0. -1.  1.  0.  0.  0.  1. -1.]
0.0000090480762005270451747088693698743387229229967165312947746120927917 [ 1. -1.  0.  1. -1. -1.  0.  1.  0. -1.  1.  0.  0.  0.  1. -1.]


18 : 
8.5205551788328443355e-8 [ 1. -1. -1. -1. -1.  1.  0.  0.  0.  1.  0. -1.  0.  0.  0. -1.  1.  1.]
8.5205551788355548409e-8 [ 1. -1. -1.  1. -1.  1.  0.  0.  0.  1.  0. -1.  0.  0.  0. -1.  0.  1.]
1.4250811172391946152e-7 [ 0.  0.  0.  0.  1. -1. -1.  1.  0.  0.  0.  0. -1.  0.  1.  1.  0. -1.]
1.5967930299426338729e-7 [ 1. -1. -1. -1. -1. -1.  1.  0. -1.  0. -1.  0.  0.  0.  0.  1.  1.  1.]
1.5967930299427693982e-7 [-1. -1. -1.  1. -1.  0.  1.  0. -1.  0. -1.  0.  0.  0.  0.  1.  0.  1.]
2.146260287680856662e-7 [ 0.  0.  1.  0.  1. -1. -1.  0. -1.  0. -1.  1.  1.  0. -1.  1.  0.  0.]
2.277136635122614574e-7 [-1. -1. -1. -1.  0.  1. -1.  1.  0.  1.  0. -1. -1.  0.  1.  0.  1.  0.]
2.2771366351228856245e-7 [ 1. -1. -1.  1.  0.  0. -1.  1.  0.  1.  0. -1. -1.  0.  1.  0.  0.  0.]
2.9983158055644121461e-7 [ 1. -1.  0. -1.  0.  0. -1.  0. -1.  1. -1.  0.  1.  0. -1.  0.  1.  1.]
2.9983158055646831966e-7 [-1. -1.  0. -1.  0.  1. -1.  0. -1.  1. -1.  0.  1.  0. -1.  0.  1.  1.]
3.1297296442683343598e-7 [ 0. -1.  1.  0.  0. -1.  1. -1.  1.  1.  1.  0. -1. -1.  0.  0. -1.  1.]
6.1432658962095221429e-7 [ 1.  1.  1.  1.  1. -1.  0.  0. -1.  0.  0. -1.  1. -1.  0. -1.  0.  1.]


18 : 
8.520555178835723958008845e-8 [ 1. -1. -1. -1. -1.  1.  0.  0.  0.  1.  0. -1.  0.  0.  0. -1.  1.  1.]
0.0000001425081117239121395191216 [ 0.  0.  0.  0.  1. -1. -1.  1.  0.  0.  0.  0. -1.  0.  1.  1.  0. -1.]
0.0000001596793029942834286368783 [ 1. -1. -1. -1. -1. -1.  1.  0. -1.  0. -1.  0.  0.  0.  0.  1.  1.  1.]
0.0000001596793029942834288436735 [-1. -1. -1.  1. -1.  0.  1.  0. -1.  0. -1.  0.  0.  0.  0.  1.  0.  1.]
0.0000001596793029942834290504686 [ 1. -1. -1.  1. -1. -1.  1.  0. -1.  0. -1.  0.  0.  0.  0.  1.  0.  1.]
0.0000002146260287681002311919343 [ 0.  0.  1.  0.  1. -1. -1.  0. -1.  0. -1.  1.  1.  0. -1.  1.  0.  0.]
0.0000002277136635122693788924149 [-1. -1. -1. -1.  0.  1. -1.  1.  0.  1.  0. -1. -1.  0.  1.  0.  1.  0.]
0.0000002998315805564574707720228 [-1. -1.  0.  1.  0.  1. -1.  0. -1.  1. -1.  0.  1.  0. -1.  0.  0.  1.]
0.0000002998315805564574711856131 [-1. -1.  0. -1.  0.  1. -1.  0. -1.  1. -1.  0.  1.  0. -1.  0.  1.  1.]
0.0000003129729644268531725096508 [ 0. -1.  1.  0.  0. -1.  1. -1.  1.  1.  1.  0. -1. -1.  0.  0. -1.  1.]
0.000000614326589620972920689356 [ 1.  1.  1. -1.  1. -1.  0.  0. -1.  0.  0. -1.  1. -1.  0. -1.  1.  1.]


18 : 
0.0000000852055517883572394046615666711 [ 1. -1. -1. -1. -1.  1.  0.  0.  0.  1.  0. -1.  0.  0.  0. -1.  1.  1.]
0.000000142508111723912139582280968526 [ 0.  0.  0.  0.  1. -1. -1.  1.  0.  0.  0.  0. -1.  0.  1.  1.  0. -1.]
0.000000159679302994283428636985589743 [ 1. -1. -1. -1. -1. -1.  1.  0. -1.  0. -1.  0.  0.  0.  0.  1.  1.  1.]
0.000000214626028768100231552721451635 [ 0.  0.  1.  0.  1. -1. -1.  0. -1.  0. -1.  1.  1.  0. -1.  1.  0.  0.]
0.000000227713663512269378986942535198 [-1. -1. -1. -1.  0.  1. -1.  1.  0.  1.  0. -1. -1.  0.  1.  0.  1.  0.]
0.000000299831580556457470957376707419 [-1. -1.  0. -1.  0.  1. -1.  0. -1.  1. -1.  0.  1.  0. -1.  0.  1.  1.]
0.000000312972964426853172868156507333 [ 0. -1.  1.  0.  0. -1.  1. -1.  1.  1.  1.  0. -1. -1.  0.  0. -1.  1.]


18 : 
0.000000085205551788357239404661136947975452 [ 1. -1. -1. -1. -1.  1.  0.  0.  0.  1.  0. -1.  0.  0.  0. -1.  1.  1.]
0.00000014250811172391213958228259497430687 [ 0.  0.  0.  0.  1. -1. -1.  1.  0.  0.  0.  0. -1.  0.  1.  1.  0. -1.]
0.00000015967930299428342863698508315074522 [ 1. -1. -1.  1. -1. -1.  1.  0. -1.  0. -1.  0.  0.  0.  0.  1.  0.  1.]
0.00000015967930299428342863698508316278228 [-1. -1. -1.  1. -1.  0.  1.  0. -1.  0. -1.  0.  0.  0.  0.  1.  0.  1.]
0.00000015967930299428342863698508317481935 [ 1. -1. -1. -1. -1. -1.  1.  0. -1.  0. -1.  0.  0.  0.  0.  1.  1.  1.]
0.00000021462602876810023155271744673633325 [ 0.  0.  1.  0.  1. -1. -1.  0. -1.  0. -1.  1.  1.  0. -1.  1.  0.  0.]
0.00000022771366351226937898694373191024526 [ 1. -1. -1.  1.  0.  0. -1.  1.  0.  1.  0. -1. -1.  0.  1.  0.  0.  0.]
0.00000022771366351226937898694373192228233 [-1. -1. -1. -1.  0.  1. -1.  1.  0.  1.  0. -1. -1.  0.  1.  0.  1.  0.]
0.00000029983158055645747095737858366023458 [-1. -1.  0. -1.  0.  1. -1.  0. -1.  1. -1.  0.  1.  0. -1.  0.  1.  1.]
0.0000002998315805564574709573785836843087 [ 1. -1.  0. -1.  0.  0. -1.  0. -1.  1. -1.  0.  1.  0. -1.  0.  1.  1.]
0.00000031297296442685317286816085950127898 [ 0. -1.  1.  0.  0. -1.  1. -1.  1.  1.  1.  0. -1. -1.  0.  0. -1.  1.]


18 : 
0.00000008520555178835723940466113694575670670758 [ 1. -1. -1. -1. -1.  1.  0.  0.  0.  1.  0. -1.  0.  0.  0. -1.  1.  1.]
0.00000008520555178835723940466113694575689037857 [ 1. -1. -1.  1. -1.  1.  0.  0.  0.  1.  0. -1.  0.  0.  0. -1.  0.  1.]
0.0000001425081117239121395822825949706626577223 [ 0.  0.  0.  0.  1. -1. -1.  1.  0.  0.  0.  0. -1.  0.  1.  1.  0. -1.]
0.0000001596793029942834286369850831714982065761 [-1. -1. -1.  1. -1.  0.  1.  0. -1.  0. -1.  0.  0.  0.  0.  1.  0.  1.]
0.000000159679302994283428636985083171498573918 [ 1. -1. -1. -1. -1. -1.  1.  0. -1.  0. -1.  0.  0.  0.  0.  1.  1.  1.]
0.0000002146260287681002315527174467369004235247 [ 0.  0.  1.  0.  1. -1. -1.  0. -1.  0. -1.  1.  1.  0. -1.  1.  0.  0.]
0.0000002277136635122693789869437319164199154429 [-1. -1. -1. -1.  0.  1. -1.  1.  0.  1.  0. -1. -1.  0.  1.  0.  1.  0.]
0.0000002998315805564574709573785836826574975742 [-1. -1.  0. -1.  0.  1. -1.  0. -1.  1. -1.  0.  1.  0. -1.  0.  1.  1.]
0.000000312972964426853172868160859477501297046 [ 0. -1.  1.  0.  0. -1.  1. -1.  1.  1.  1.  0. -1. -1.  0.  0. -1.  1.]


18 : 
0.0000000852055517883572394046611369457571647976489376 [ 1. -1. -1. -1. -1.  1.  0.  0.  0.  1.  0. -1.  0.  0.  0. -1.  1.  1.]
0.000000142508111723912139582282594970662609360685271 [ 0.  0.  0.  0.  1. -1. -1.  1.  0.  0.  0.  0. -1.  0.  1.  1.  0. -1.]
0.000000159679302994283428636985083171498407659577778 [ 1. -1. -1. -1. -1. -1.  1.  0. -1.  0. -1.  0.  0.  0.  0.  1.  1.  1.]
0.000000214626028768100231552717446736900442215193928 [ 0.  0.  1.  0.  1. -1. -1.  0. -1.  0. -1.  1.  1.  0. -1.  1.  0.  0.]
0.000000227713663512269378986943731916419774158334209 [-1. -1. -1.  1.  0.  1. -1.  1.  0.  1.  0. -1. -1.  0.  1.  0.  0.  0.]
0.000000227713663512269378986943731916419774161136806 [-1. -1. -1. -1.  0.  1. -1.  1.  0.  1.  0. -1. -1.  0.  1.  0.  1.  0.]
0.000000299831580556457470957378583682657607010040268 [-1. -1.  0.  1.  0.  1. -1.  0. -1.  1. -1.  0.  1.  0. -1.  0.  0.  1.]
0.000000299831580556457470957378583682657607012842865 [-1. -1.  0. -1.  0.  1. -1.  0. -1.  1. -1.  0.  1.  0. -1.  0.  1.  1.]
0.000000312972964426853172868160859477501589519402857 [ 0. -1.  1.  0.  0. -1.  1. -1.  1.  1.  1.  0. -1. -1.  0.  0. -1.  1.]
0.000000614326589620972920825919724609811073855692843 [ 1.  1.  1.  1.  1. -1.  0.  0. -1.  0.  0. -1.  1. -1.  0. -1.  0.  1.]


18 : 
0.000000085205551788357239404661136945757164796883714336949 [ 1. -1. -1. -1. -1.  1.  0.  0.  0.  1.  0. -1.  0.  0.  0. -1.  1.  1.]
0.000000085205551788357239404661136945757164796883735719067 [ 1. -1. -1.  1. -1.  1.  0.  0.  0.  1.  0. -1.  0.  0.  0. -1.  0.  1.]
0.00000014250811172391213958228259497066260936257651977354 [ 0.  0.  0.  0.  1. -1. -1.  1.  0.  0.  0.  0. -1.  0.  1.  1.  0. -1.]
0.00000015967930299428342863698508317149840765696749201945 [ 1. -1. -1. -1. -1. -1.  1.  0. -1.  0. -1.  0.  0.  0.  0.  1.  1.  1.]
0.00000021462602876810023155271744673690044221257649985404 [ 0.  0.  1.  0.  1. -1. -1.  0. -1.  0. -1.  1.  1.  0. -1.  1.  0.  0.]
0.00000022771366351226937898694373191641977415946023411049 [-1. -1. -1. -1.  0.  1. -1.  1.  0.  1.  0. -1. -1.  0.  1.  0.  1.  0.]
0.0000002277136635122693789869437319164197741594602554926 [ 1. -1. -1.  1.  0.  0. -1.  1.  0.  1.  0. -1. -1.  0.  1.  0.  0.  0.]
0.00000029983158055645747095737858368265760700946017142676 [-1. -1.  0. -1.  0.  1. -1.  0. -1.  1. -1.  0.  1.  0. -1.  0.  1.  1.]
0.00000029983158055645747095737858368265760700946021419099 [ 1. -1.  0.  1.  0.  0. -1.  0. -1.  1. -1.  0.  1.  0. -1.  0.  0.  1.]
0.00000029983158055645747095737858368265760700946025695523 [ 1. -1.  0. -1.  0.  0. -1.  0. -1.  1. -1.  0.  1.  0. -1.  0.  1.  1.]
0.00000031297296442685317286816085947750158951848449458566 [ 0. -1.  1.  0.  0. -1.  1. -1.  1.  1.  1.  0. -1. -1.  0.  0. -1.  1.]
0.00000061432658962097292082591972460981107385522508811645 [-1.  1.  1.  1.  1.  0.  0.  0. -1.  0.  0. -1.  1. -1.  0. -1.  0.  1.]


18 : 
0.00000008520555178835723940466113694575716479688373138822248636 [ 1. -1. -1.  1. -1.  1.  0.  0.  0.  1.  0. -1.  0.  0.  0. -1.  0.  1.]
0.00000008520555178835723940466113694575716479688373138854875158 [ 1. -1. -1. -1. -1.  1.  0.  0.  0.  1.  0. -1.  0.  0.  0. -1.  1.  1.]
0.0000001425081117239121395822825949706626093625765159599847535 [ 0.  0.  0.  0.  1. -1. -1.  1.  0.  0.  0.  0. -1.  0.  1.  1.  0. -1.]
0.0000001596793029942834286369850831714984076569674710640915775 [ 1. -1. -1.  1. -1. -1.  1.  0. -1.  0. -1.  0.  0.  0.  0.  1.  0.  1.]
0.0000001596793029942834286369850831714984076569674710644178427 [ 1. -1. -1. -1. -1. -1.  1.  0. -1.  0. -1.  0.  0.  0.  0.  1.  1.  1.]
0.0000002146260287681002315527174467369004422125764834562790083 [ 0.  0.  1.  0.  1. -1. -1.  0. -1.  0. -1.  1.  1.  0. -1.  1.  0.  0.]
0.0000002277136635122693789869437319164197741594602473480441072 [-1. -1. -1.  1.  0.  1. -1.  1.  0.  1.  0. -1. -1.  0.  1.  0.  0.  0.]
0.0000002277136635122693789869437319164197741594602473483703725 [-1. -1. -1. -1.  0.  1. -1.  1.  0.  1.  0. -1. -1.  0.  1.  0.  1.  0.]
0.0000002998315805564574709573785836826576070094602148445014946 [-1. -1.  0. -1.  0.  1. -1.  0. -1.  1. -1.  0.  1.  0. -1.  0.  1.  1.]
0.0000003129729644268531728681608594775015895184845154767532288 [ 0. -1.  1.  0.  0. -1.  1. -1.  1.  1.  1.  0. -1. -1.  0.  0. -1.  1.]


18 : 
0.0000000852055517883572394046611369457571647968837313882724671247913 [ 1. -1. -1. -1. -1.  1.  0.  0.  0.  1.  0. -1.  0.  0.  0. -1.  1.  1.]
0.000000142508111723912139582282594970662609362576515959831847778749 [ 0.  0.  0.  0.  1. -1. -1.  1.  0.  0.  0.  0. -1.  0.  1.  1.  0. -1.]
0.000000159679302994283428636985083171498407656967471064190732514787 [ 1. -1. -1. -1. -1. -1.  1.  0. -1.  0. -1.  0.  0.  0.  0.  1.  1.  1.]
0.00000015967930299428342863698508317149840765696747106419073375939 [-1. -1. -1.  1. -1.  0.  1.  0. -1.  0. -1.  0.  0.  0.  0.  1.  0.  1.]
0.000000159679302994283428636985083171498407656967471064190735003993 [-1. -1. -1. -1. -1.  0.  1.  0. -1.  0. -1.  0.  0.  0.  0.  1.  1.  1.]
0.000000214626028768100231552717446736900442212576483456298926920316 [ 0.  0.  1.  0.  1. -1. -1.  0. -1.  0. -1.  1.  1.  0. -1.  1.  0.  0.]
0.000000227713663512269378986943731916419774159460247348104311169731 [-1. -1. -1. -1.  0.  1. -1.  1.  0.  1.  0. -1. -1.  0.  1.  0.  1.  0.]
0.000000227713663512269378986943731916419774159460247348104314903541 [ 1. -1. -1.  1.  0.  0. -1.  1.  0.  1.  0. -1. -1.  0.  1.  0.  0.  0.]
0.000000227713663512269378986943731916419774159460247348104316148144 [ 1. -1. -1. -1.  0.  0. -1.  1.  0.  1.  0. -1. -1.  0.  1.  0.  1.  0.]
0.000000299831580556457470957378583682657607009460214844571391555901 [-1. -1.  0. -1.  0.  1. -1.  0. -1.  1. -1.  0.  1.  0. -1.  0.  1.  1.]
0.000000299831580556457470957378583682657607009460214844571394045108 [ 1. -1.  0. -1.  0.  0. -1.  0. -1.  1. -1.  0.  1.  0. -1.  0.  1.  1.]
0.000000312972964426853172868160859477501589518484515476484329815995 [ 0. -1.  1.  0.  0. -1.  1. -1.  1.  1.  1.  0. -1. -1.  0.  0. -1.  1.]
0.000000614326589620972920825919724609811073855225152036224724770532 [-1.  1.  1. -1.  1.  0.  0.  0. -1.  0.  0. -1.  1. -1.  0. -1.  1.  1.]


18 : 
0.000000085205551788357239404661136945757164796883731388272466681348324496 [ 1. -1. -1. -1. -1.  1.  0.  0.  0.  1.  0. -1.  0.  0.  0. -1.  1.  1.]
0.000000085205551788357239404661136945757164796883731388272466681386306767 [ 1. -1. -1.  1. -1.  1.  0.  0.  0.  1.  0. -1.  0.  0.  0. -1.  0.  1.]
0.00000014250811172391213958228259497066260936257651595983184833944346273 [ 0.  0.  0.  0.  1. -1. -1.  1.  0.  0.  0.  0. -1.  0.  1.  1.  0. -1.]
0.00000015967930299428342863698508317149840765696747106419073209451305598 [-1. -1. -1. -1. -1.  0.  1.  0. -1.  0. -1.  0.  0.  0.  0.  1.  1.  1.]
0.00000015967930299428342863698508317149840765696747106419073209455103825 [ 1. -1. -1. -1. -1. -1.  1.  0. -1.  0. -1.  0.  0.  0.  0.  1.  1.  1.]
0.00000021462602876810023155271744673690044221257648345629892548815665817 [ 0.  0.  1.  0.  1. -1. -1.  0. -1.  0. -1.  1.  1.  0. -1.  1.  0.  0.]
0.00000022771366351226937898694373191641977415946024734810431502079178723 [-1. -1. -1. -1.  0.  1. -1.  1.  0.  1.  0. -1. -1.  0.  1.  0.  1.  0.]
0.00000029983158055645747095737858368265760700946021484457139216954296494 [-1. -1.  0. -1.  0.  1. -1.  0. -1.  1. -1.  0.  1.  0. -1.  0.  1.  1.]
0.00000031297296442685317286816085947750158951848451547648432519416074723 [ 0. -1.  1.  0.  0. -1.  1. -1.  1.  1.  1.  0. -1. -1.  0.  0. -1.  1.]


20 : 
4.7939366370098202702e-9 [ 0.  1. -1.  0.  0.  0. -1.  1. -1.  0.  0.  1. -1.  1.  1. -1.  0.  1.
  0. -1.]
7.8176857897435387927e-8 [ 0. -1. -1.  1.  0. -1.  1. -1.  0.  0.  0.  0.  0.  0.  1.  0.  0.  0.
  1. -1.]
7.8176857897448940454e-8 [ 0. -1. -1. -1.  0. -1.  1. -1.  0.  0.  0.  0.  0.  0.  1.  0.  1.  0.
  1. -1.]
8.1502445096841551891e-8 [-1.  0.  0.  0. -1.  1.  0.  1. -1.  0. -1.  0.  0.  0. -1.  1.  0.  1.
 -1.  1.]
8.5205551788328443355e-8 [ 1. -1. -1. -1. -1.  1.  0.  0.  0.  1.  0. -1.  0.  0.  0. -1.  1.  1.
  0.  0.]
8.5205551788355548409e-8 [ 1. -1. -1.  1. -1.  1.  0.  0.  0.  1.  0. -1.  0.  0.  0. -1.  0.  1.
  0.  0.]
1.2050796936515797107e-7 [-1. -1. -1.  0.  0. -1. -1. -1.  1. -1.  1. -1.  1. -1. -1.  1.  1.  1.
  1.  0.]
1.4250811172391946152e-7 [ 0.  0.  0.  0.  1. -1. -1.  1.  0.  0.  0.  0. -1.  0.  1.  1.  0. -1.
  0.  0.]
1.5967930299426338729e-7 [ 1. -1. -1. -1. -1. -1.  1.  0. -1.  0. -1.  0.  0.  0.  0.  1.  1.  1.
  0.  0.]
1.5967930299427693982e-7 [-1. -1. -1.  1. -1.  0.  1.  0. -1.  0. -1.  0.  0.  0.  0.  1.  0.  1.
  0.  0.]
1.6588826898069112224e-7 [ 1. -1.  1. -1.  1. -1. -1. -1. -1.  0. -1.  0.  0.  0.  1.  1.  1. -1.
  0.  1.]
1.6588826898074533235e-7 [-1. -1.  1. -1.  1.  0. -1. -1. -1.  0. -1.  0.  0.  0.  1.  1.  1. -1.
  0.  1.]
1.7560118415960103595e-7 [ 0. -1.  1.  0. -1.  1.  0. -1. -1. -1.  1.  0.  0. -1. -1.  1.  0.  0.
  1.  1.]
1.848932211104357265e-7 [-1.  1. -1.  0.  0.  0.  0.  0. -1.  1. -1.  1. -1.  0. -1.  0.  0.  0.
  1.  1.]
1.8489322111046283155e-7 [ 1.  1. -1.  0.  0. -1.  0.  0. -1.  1. -1.  1. -1.  0. -1.  0.  0.  0.
  1.  1.]


20 : 
4.793936637033271254161658e-9 [ 0.  1. -1.  0.  0.  0. -1.  1. -1.  0.  0.  1. -1.  1.  1. -1.  0.  1.
  0. -1.]
7.817685789743850598443987e-8 [ 0. -1. -1. -1.  0. -1.  1. -1.  0.  0.  0.  0.  0.  0.  1.  0.  1.  0.
  1. -1.]
7.817685789743850619123503e-8 [ 0. -1. -1.  1.  0. -1.  1. -1.  0.  0.  0.  0.  0.  0.  1.  0.  0.  0.
  1. -1.]
8.150244509684492265243843e-8 [-1.  0.  0.  0. -1.  1.  0.  1. -1.  0. -1.  0.  0.  0. -1.  1.  0.  1.
 -1.  1.]
8.520555178835723958008845e-8 [ 1. -1. -1. -1. -1.  1.  0.  0.  0.  1.  0. -1.  0.  0.  0. -1.  1.  1.
  0.  0.]
0.0000001205079693651236898130942 [-1. -1. -1.  0.  0. -1. -1. -1.  1. -1.  1. -1.  1. -1. -1.  1.  1.  1.
  1.  0.]
0.0000001425081117239121395191216 [ 0.  0.  0.  0.  1. -1. -1.  1.  0.  0.  0.  0. -1.  0.  1.  1.  0. -1.
  0.  0.]
0.0000001596793029942834286368783 [ 1. -1. -1. -1. -1. -1.  1.  0. -1.  0. -1.  0.  0.  0.  0.  1.  1.  1.
  0.  0.]
0.0000001596793029942834288436735 [-1. -1. -1.  1. -1.  0.  1.  0. -1.  0. -1.  0.  0.  0.  0.  1.  0.  1.
  0.  0.]
0.0000001596793029942834290504686 [ 1. -1. -1.  1. -1. -1.  1.  0. -1.  0. -1.  0.  0.  0.  0.  1.  0.  1.
  0.  0.]
0.0000001658882689807521801657577 [ 1. -1.  1. -1.  1. -1. -1. -1. -1.  0. -1.  0.  0.  0.  1.  1.  1. -1.
  0.  1.]
0.0000001756011841596216617014319 [ 0. -1.  1.  0. -1.  1.  0. -1. -1. -1.  1.  0.  0. -1. -1.  1.  0.  0.
  1.  1.]
0.0000001848932211104536932717419 [ 1.  1. -1.  0.  0. -1.  0.  0. -1.  1. -1.  1. -1.  0. -1.  0.  0.  0.
  1.  1.]


20 : 
0.00000000479393663703327133024887013286 [ 0.  1. -1.  0.  0.  0. -1.  1. -1.  0.  0.  1. -1.  1.  1. -1.  0.  1.
  0. -1.]
0.0000000781768578974385060703342028327 [ 0. -1. -1. -1.  0. -1.  1. -1.  0.  0.  0.  0.  0.  0.  1.  0.  1.  0.
  1. -1.]
0.0000000815024450968449225666513869099 [ 1.  0.  0.  0. -1.  0.  0.  1. -1.  0. -1.  0.  0.  0. -1.  1.  0.  1.
 -1.  1.]
0.0000000815024450968449225666545423535 [-1.  0.  0.  0. -1.  1.  0.  1. -1.  0. -1.  0.  0.  0. -1.  1.  0.  1.
 -1.  1.]
0.0000000852055517883572394046615666711 [ 1. -1. -1. -1. -1.  1.  0.  0.  0.  1.  0. -1.  0.  0.  0. -1.  1.  1.
  0.  0.]
0.000000120507969365123689638692850669 [-1. -1. -1.  0.  0. -1. -1. -1.  1. -1.  1. -1.  1. -1. -1.  1.  1.  1.
  1.  0.]
0.000000142508111723912139582280968526 [ 0.  0.  0.  0.  1. -1. -1.  1.  0.  0.  0.  0. -1.  0.  1.  1.  0. -1.
  0.  0.]
0.000000159679302994283428636985589743 [ 1. -1. -1. -1. -1. -1.  1.  0. -1.  0. -1.  0.  0.  0.  0.  1.  1.  1.
  0.  0.]
0.000000165888268980752180043228642405 [ 1. -1.  1.  1.  1. -1. -1. -1. -1.  0. -1.  0.  0.  0.  1.  1.  0. -1.
  0.  1.]
0.000000165888268980752180043231797849 [ 1. -1.  1. -1.  1. -1. -1. -1. -1.  0. -1.  0.  0.  0.  1.  1.  1. -1.
  0.  1.]
0.000000175601184159621661958278715495 [ 0. -1.  1.  0. -1.  1.  0. -1. -1. -1.  1.  0.  0. -1. -1.  1.  0.  0.
  1.  1.]
0.000000184893221110453693288257460821 [ 1.  1. -1.  0.  0. -1.  0.  0. -1.  1. -1.  1. -1.  0. -1.  0.  0.  0.
  1.  1.]


20 : 
0.0000000047939366370332713302487629789334297 [ 0.  1. -1.  0.  0.  0. -1.  1. -1.  0.  0.  1. -1.  1.  1. -1.  0.  1.
  0. -1.]
0.000000078176857897438506070333132280432478 [ 0. -1. -1. -1.  0. -1.  1. -1.  0.  0.  0.  0.  0.  0.  1.  0.  1.  0.
  1. -1.]
0.000000078176857897438506070333132316543664 [ 0. -1. -1.  1.  0. -1.  1. -1.  0.  0.  0.  0.  0.  0.  1.  0.  0.  0.
  1. -1.]
0.000000081502445096844922566651950894386868 [-1.  0.  0.  0. -1.  1.  0.  1. -1.  0. -1.  0.  0.  0. -1.  1.  0.  1.
 -1.  1.]
0.000000085205551788357239404661136947975452 [ 1. -1. -1. -1. -1.  1.  0.  0.  0.  1.  0. -1.  0.  0.  0. -1.  1.  1.
  0.  0.]
0.00000012050796936512368963869463783535523 [-1. -1. -1.  0.  0. -1. -1. -1.  1. -1.  1. -1.  1. -1. -1.  1.  1.  1.
  1.  0.]
0.00000014250811172391213958228259497430687 [ 0.  0.  0.  0.  1. -1. -1.  1.  0.  0.  0.  0. -1.  0.  1.  1.  0. -1.
  0.  0.]
0.00000015967930299428342863698508315074522 [ 1. -1. -1.  1. -1. -1.  1.  0. -1.  0. -1.  0.  0.  0.  0.  1.  0.  1.
  0.  0.]
0.00000015967930299428342863698508316278228 [-1. -1. -1.  1. -1.  0.  1.  0. -1.  0. -1.  0.  0.  0.  0.  1.  0.  1.
  0.  0.]
0.00000015967930299428342863698508317481935 [ 1. -1. -1. -1. -1. -1.  1.  0. -1.  0. -1.  0.  0.  0.  0.  1.  1.  1.
  0.  0.]
0.00000016588826898075218004322926460105063 [ 1. -1.  1. -1.  1. -1. -1. -1. -1.  0. -1.  0.  0.  0.  1.  1.  1. -1.
  0.  1.]
0.00000017560118415962166195827837306486585 [ 0. -1.  1.  0. -1.  1.  0. -1. -1. -1.  1.  0.  0. -1. -1.  1.  0.  0.
  1.  1.]
0.00000018489322111045369328825649354716209 [ 1.  1. -1.  0.  0. -1.  0.  0. -1.  1. -1.  1. -1.  0. -1.  0.  0.  0.
  1.  1.]


20 : 
0.000000004793936637033271330248762984313520417309 [ 0.  1. -1.  0.  0.  0. -1.  1. -1.  0.  0.  1. -1.  1.  1. -1.  0.  1.
  0. -1.]
0.00000007817685789743850607033313230735717602908 [ 0. -1. -1. -1.  0. -1.  1. -1.  0.  0.  0.  0.  0.  0.  1.  0.  1.  0.
  1. -1.]
0.00000008150244509684492256665195086414139788896 [-1.  0.  0.  0. -1.  1.  0.  1. -1.  0. -1.  0.  0.  0. -1.  1.  0.  1.
 -1.  1.]
0.00000008520555178835723940466113694575670670758 [ 1. -1. -1. -1. -1.  1.  0.  0.  0.  1.  0. -1.  0.  0.  0. -1.  1.  1.
  0.  0.]
0.00000008520555178835723940466113694575689037857 [ 1. -1. -1.  1. -1.  1.  0.  0.  0.  1.  0. -1.  0.  0.  0. -1.  0.  1.
  0.  0.]
0.000000120507969365123689638694637858327325997 [-1. -1. -1.  0.  0. -1. -1. -1.  1. -1.  1. -1.  1. -1. -1.  1.  1.  1.
  1.  0.]
0.0000001425081117239121395822825949706626577223 [ 0.  0.  0.  0.  1. -1. -1.  1.  0.  0.  0.  0. -1.  0.  1.  1.  0. -1.
  0.  0.]
0.0000001596793029942834286369850831714982065761 [-1. -1. -1.  1. -1.  0.  1.  0. -1.  0. -1.  0.  0.  0.  0.  1.  0.  1.
  0.  0.]
0.000000159679302994283428636985083171498573918 [ 1. -1. -1. -1. -1. -1.  1.  0. -1.  0. -1.  0.  0.  0.  0.  1.  1.  1.
  0.  0.]
0.000000165888268980752180043229264600189947284 [-1. -1.  1. -1.  1.  0. -1. -1. -1.  0. -1.  0.  0.  0.  1.  1.  1. -1.
  0.  1.]
0.000000165888268980752180043229264600190314626 [ 1. -1.  1. -1.  1. -1. -1. -1. -1.  0. -1.  0.  0.  0.  1.  1.  1. -1.
  0.  1.]
0.0000001756011841596216619582783730863729884579 [ 0. -1.  1.  0. -1.  1.  0. -1. -1. -1.  1.  0.  0. -1. -1.  1.  0.  0.
  1.  1.]
0.0000001848932211104536932882564935401495350512 [ 1.  1. -1.  0.  0. -1.  0.  0. -1.  1. -1.  1. -1.  0. -1.  0.  0.  0.
  1.  1.]
0.0000001848932211104536932882564935401499023932 [-1.  1. -1.  0.  0.  0.  0.  0. -1.  1. -1.  1. -1.  0. -1.  0.  0.  0.
  1.  1.]


20 : 
0.00000000479393663703327133024876298431324769660235725 [ 0.  1. -1.  0.  0.  0. -1.  1. -1.  0.  0.  1. -1.  1.  1. -1.  0.  1.
  0. -1.]
0.0000000781768578974385060703331323073571706635034473 [ 0. -1. -1.  1.  0. -1.  1. -1.  0.  0.  0.  0.  0.  0.  1.  0.  0.  0.
  1. -1.]
0.0000000781768578974385060703331323073571706649047458 [ 0. -1. -1. -1.  0. -1.  1. -1.  0.  0.  0.  0.  0.  0.  1.  0.  1.  0.
  1. -1.]
0.0000000815024450968449225666519508641412369918704355 [-1.  0.  0.  0. -1.  1.  0.  1. -1.  0. -1.  0.  0.  0. -1.  1.  0.  1.
 -1.  1.]
0.0000000852055517883572394046611369457571647976489376 [ 1. -1. -1. -1. -1.  1.  0.  0.  0.  1.  0. -1.  0.  0.  0. -1.  1.  1.
  0.  0.]
0.000000120507969365123689638694637858327024028402953 [-1. -1. -1.  0.  0. -1. -1. -1.  1. -1.  1. -1.  1. -1. -1.  1.  1.  1.
  1.  0.]
0.000000142508111723912139582282594970662609360685271 [ 0.  0.  0.  0.  1. -1. -1.  1.  0.  0.  0.  0. -1.  0.  1.  1.  0. -1.
  0.  0.]
0.000000159679302994283428636985083171498407659577778 [ 1. -1. -1. -1. -1. -1.  1.  0. -1.  0. -1.  0.  0.  0.  0.  1.  1.  1.
  0.  0.]
0.000000165888268980752180043229264600189770538195749 [-1. -1.  1. -1.  1.  0. -1. -1. -1.  0. -1.  0.  0.  0.  1.  1.  1. -1.
  0.  1.]
0.000000165888268980752180043229264600189770540998345 [ 1. -1.  1.  1.  1. -1. -1. -1. -1.  0. -1.  0.  0.  0.  1.  1.  0. -1.
  0.  1.]
0.000000165888268980752180043229264600189770543800942 [ 1. -1.  1. -1.  1. -1. -1. -1. -1.  0. -1.  0.  0.  0.  1.  1.  1. -1.
  0.  1.]
0.000000175601184159621661958278373086372972488675004 [ 0. -1.  1.  0. -1.  1.  0. -1. -1. -1.  1.  0.  0. -1. -1.  1.  0.  0.
  1.  1.]
0.000000184893221110453693288256493540149819413892616 [-1.  1. -1.  0.  0.  0.  0.  0. -1.  1. -1.  1. -1.  0. -1.  0.  0.  0.
  1.  1.]
0.00000018489322111045369328825649354014981941949781 [ 1.  1. -1.  0.  0. -1.  0.  0. -1.  1. -1.  1. -1.  0. -1.  0.  0.  0.
  1.  1.]


20 : 
0.000000004793936637033271330248762984313247699489285253837 [ 0.  1. -1.  0.  0.  0. -1.  1. -1.  0.  0.  1. -1.  1.  1. -1.  0.  1.
  0. -1.]
0.000000078176857897438506070333132307357170663414839831442 [ 0. -1. -1. -1.  0. -1.  1. -1.  0.  0.  0.  0.  0.  0.  1.  0.  1.  0.
  1. -1.]
0.000000081502445096844922566651950864141236993552652188012 [-1.  0.  0.  0. -1.  1.  0.  1. -1.  0. -1.  0.  0.  0. -1.  1.  0.  1.
 -1.  1.]
0.000000085205551788357239404661136945757164796883714336949 [ 1. -1. -1. -1. -1.  1.  0.  0.  0.  1.  0. -1.  0.  0.  0. -1.  1.  1.
  0.  0.]
0.000000085205551788357239404661136945757164796883735719067 [ 1. -1. -1.  1. -1.  1.  0.  0.  0.  1.  0. -1.  0.  0.  0. -1.  0.  1.
  0.  0.]
0.0000001205079693651236896386946378583270240273181100941 [-1. -1. -1.  0.  0. -1. -1. -1.  1. -1.  1. -1.  1. -1. -1.  1.  1.  1.
  1.  0.]
0.00000014250811172391213958228259497066260936257651977354 [ 0.  0.  0.  0.  1. -1. -1.  1.  0.  0.  0.  0. -1.  0.  1.  1.  0. -1.
  0.  0.]
0.00000015967930299428342863698508317149840765696749201945 [ 1. -1. -1. -1. -1. -1.  1.  0. -1.  0. -1.  0.  0.  0.  0.  1.  1.  1.
  0.  0.]
0.00000016588826898075218004322926460018977054097294353016 [ 1. -1.  1. -1.  1. -1. -1. -1. -1.  0. -1.  0.  0.  0.  1.  1.  1. -1.
  0.  1.]
0.0000001658882689807521800432292646001897705409729862944 [-1. -1.  1. -1.  1.  0. -1. -1. -1.  0. -1.  0.  0.  0.  1.  1.  1. -1.
  0.  1.]
0.00000017560118415962166195827837308637297248635119574342 [ 0. -1.  1.  0. -1.  1.  0. -1. -1. -1.  1.  0.  0. -1. -1.  1.  0.  0.
  1.  1.]
0.0000001848932211104536932882564935401498194172691515417 [ 1.  1. -1.  0.  0. -1.  0.  0. -1.  1. -1.  1. -1.  0. -1.  0.  0.  0.
  1.  1.]


20 : 
0.000000004793936637033271330248762984313247699489308238243215259 [ 0.  1. -1.  0.  0.  0. -1.  1. -1.  0.  0.  1. -1.  1.  1. -1.  0.  1.
  0. -1.]
0.00000007817685789743850607033313230735717066341482105977282238 [ 0. -1. -1. -1.  0. -1.  1. -1.  0.  0.  0.  0.  0.  0.  1.  0.  1.  0.
  1. -1.]
0.00000008150244509684492256665195086414123699355265000464502033 [-1.  0.  0.  0. -1.  1.  0.  1. -1.  0. -1.  0.  0.  0. -1.  1.  0.  1.
 -1.  1.]
0.00000008520555178835723940466113694575716479688373138822248636 [ 1. -1. -1.  1. -1.  1.  0.  0.  0.  1.  0. -1.  0.  0.  0. -1.  0.  1.
  0.  0.]
0.00000008520555178835723940466113694575716479688373138854875158 [ 1. -1. -1. -1. -1.  1.  0.  0.  0.  1.  0. -1.  0.  0.  0. -1.  1.  1.
  0.  0.]
0.0000001205079693651236896386946378583270240273181124389641041 [-1. -1. -1.  0.  0. -1. -1. -1.  1. -1.  1. -1.  1. -1. -1.  1.  1.  1.
  1.  0.]
0.0000001425081117239121395822825949706626093625765159599847535 [ 0.  0.  0.  0.  1. -1. -1.  1.  0.  0.  0.  0. -1.  0.  1.  1.  0. -1.
  0.  0.]
0.0000001596793029942834286369850831714984076569674710640915775 [ 1. -1. -1.  1. -1. -1.  1.  0. -1.  0. -1.  0.  0.  0.  0.  1.  0.  1.
  0.  0.]
0.0000001596793029942834286369850831714984076569674710644178427 [ 1. -1. -1. -1. -1. -1.  1.  0. -1.  0. -1.  0.  0.  0.  0.  1.  1.  1.
  0.  0.]
0.0000001658882689807521800432292646001897705409729687987515739 [ 1. -1.  1.  1.  1. -1. -1. -1. -1.  0. -1.  0.  0.  0.  1.  1.  0. -1.
  0.  1.]
0.0000001658882689807521800432292646001897705409729687990778391 [ 1. -1.  1. -1.  1. -1. -1. -1. -1.  0. -1.  0.  0.  0.  1.  1.  1. -1.
  0.  1.]
0.0000001756011841596216619582783730863729724863512061447519696 [ 0. -1.  1.  0. -1.  1.  0. -1. -1. -1.  1.  0.  0. -1. -1.  1.  0.  0.
  1.  1.]
0.0000001848932211104536932882564935401498194172691658034097676 [ 1.  1. -1.  0.  0. -1.  0.  0. -1.  1. -1.  1. -1.  0. -1.  0.  0.  0.
  1.  1.]


20 : 
0.00000000479393663703327133024876298431324769948930823841614289681875 [ 0.  1. -1.  0.  0.  0. -1.  1. -1.  0.  0.  1. -1.  1.  1. -1.  0.  1.
  0. -1.]
0.0000000781768578974385060703331323073571706634148210596441826938837 [ 0. -1. -1. -1.  0. -1.  1. -1.  0.  0.  0.  0.  0.  0.  1.  0.  1.  0.
  1. -1.]
0.0000000781768578974385060703331323073571706634148210596441851830898 [ 0. -1. -1.  1.  0. -1.  1. -1.  0.  0.  0.  0.  0.  0.  1.  0.  0.  0.
  1. -1.]
0.000000081502445096844922566651950864141236993552650004546544842491 [ 1.  0.  0.  0. -1.  0.  0.  1. -1.  0. -1.  0.  0.  0. -1.  1.  0.  1.
 -1.  1.]
0.0000000815024450968449225666519508641412369935526500045465498209032 [-1.  0.  0.  0. -1.  1.  0.  1. -1.  0. -1.  0.  0.  0. -1.  1.  0.  1.
 -1.  1.]
0.0000000852055517883572394046611369457571647968837313882724671247913 [ 1. -1. -1. -1. -1.  1.  0.  0.  0.  1.  0. -1.  0.  0.  0. -1.  1.  1.
  0.  0.]
0.000000120507969365123689638694637858327024027318112438603201611428 [-1. -1. -1.  0.  0. -1. -1. -1.  1. -1.  1. -1.  1. -1. -1.  1.  1.  1.
  1.  0.]
0.000000142508111723912139582282594970662609362576515959831847778749 [ 0.  0.  0.  0.  1. -1. -1.  1.  0.  0.  0.  0. -1.  0.  1.  1.  0. -1.
  0.  0.]
0.000000159679302994283428636985083171498407656967471064190732514787 [ 1. -1. -1. -1. -1. -1.  1.  0. -1.  0. -1.  0.  0.  0.  0.  1.  1.  1.
  0.  0.]
0.00000015967930299428342863698508317149840765696747106419073375939 [-1. -1. -1.  1. -1.  0.  1.  0. -1.  0. -1.  0.  0.  0.  0.  1.  0.  1.
  0.  0.]
0.000000159679302994283428636985083171498407656967471064190735003993 [-1. -1. -1. -1. -1.  0.  1.  0. -1.  0. -1.  0.  0.  0.  0.  1.  1.  1.
  0.  0.]
0.000000165888268980752180043229264600189770540972968798811650875176 [ 1. -1.  1. -1.  1. -1. -1. -1. -1.  0. -1.  0.  0.  0.  1.  1.  1. -1.
  0.  1.]
0.000000165888268980752180043229264600189770540972968798811655853589 [-1. -1.  1. -1.  1.  0. -1. -1. -1.  0. -1.  0.  0.  0.  1.  1.  1. -1.
  0.  1.]
0.000000175601184159621661958278373086372972486351206144834982111915 [ 0. -1.  1.  0. -1.  1.  0. -1. -1. -1.  1.  0.  0. -1. -1.  1.  0.  0.
  1.  1.]
0.000000184893221110453693288256493540149819417269165803364344575265 [ 1.  1. -1.  0.  0. -1.  0.  0. -1.  1. -1.  1. -1.  0. -1.  0.  0.  0.
  1.  1.]


20 : 
0.0000000047939366370332713302487629843132476994893082384161404409610744462 [ 0.  1. -1.  0.  0.  0. -1.  1. -1.  0.  0.  1. -1.  1.  1. -1.  0.  1.
  0. -1.]
0.000000078176857897438506070333132307357170663414821059644185732465373279 [ 0. -1. -1. -1.  0. -1.  1. -1.  0.  0.  0.  0.  0.  0.  1.  0.  1.  0.
  1. -1.]
0.000000081502445096844922566651950864141236993552650004546546362085664969 [-1.  0.  0.  0. -1.  1.  0.  1. -1.  0. -1.  0.  0.  0. -1.  1.  0.  1.
 -1.  1.]
0.000000085205551788357239404661136945757164796883731388272466681348324496 [ 1. -1. -1. -1. -1.  1.  0.  0.  0.  1.  0. -1.  0.  0.  0. -1.  1.  1.
  0.  0.]
0.000000085205551788357239404661136945757164796883731388272466681386306767 [ 1. -1. -1.  1. -1.  1.  0.  0.  0.  1.  0. -1.  0.  0.  0. -1.  0.  1.
  0.  0.]
0.00000012050796936512368963869463785832702402731811243860320345915114581 [-1. -1. -1.  0.  0. -1. -1. -1.  1. -1.  1. -1.  1. -1. -1.  1.  1.  1.
  1.  0.]
0.00000014250811172391213958228259497066260936257651595983184833944346273 [ 0.  0.  0.  0.  1. -1. -1.  1.  0.  0.  0.  0. -1.  0.  1.  1.  0. -1.
  0.  0.]
0.00000015967930299428342863698508317149840765696747106419073209451305598 [-1. -1. -1. -1. -1.  0.  1.  0. -1.  0. -1.  0.  0.  0.  0.  1.  1.  1.
  0.  0.]
0.00000015967930299428342863698508317149840765696747106419073209455103825 [ 1. -1. -1. -1. -1. -1.  1.  0. -1.  0. -1.  0.  0.  0.  0.  1.  1.  1.
  0.  0.]
0.00000016588826898075218004322926460018977054097296879881165260424337861 [ 1. -1.  1. -1.  1. -1. -1. -1. -1.  0. -1.  0.  0.  0.  1.  1.  1. -1.
  0.  1.]
0.00000017560118415962166195827837308637297248635120614483498308707193753 [ 0. -1.  1.  0. -1.  1.  0. -1. -1. -1.  1.  0.  0. -1. -1.  1.  0.  0.
  1.  1.]
0.00000018489322111045369328825649354014981941726916580336434579331892976 [ 1.  1. -1.  0.  0. -1.  0.  0. -1.  1. -1.  1. -1.  0. -1.  0.  0.  0.
  1.  1.]


