17 : 
1.5259e-5 [ 1.  0.  0. -1.  0.  0.  0.  1.  1.  1.  1. -1.  0. -1.  0. -1.  0.]


-3.0518e-5 17 : 
1.5259e-5 [ 1.  0.  0. -1.  0.  0.  0.  1.  1.  1.  1. -1.  0. -1.  0. -1.  0.]


17 : 
2.146698534e-7 [ 0.  0.  1.  0.  1. -1. -1.  0. -1.  0. -1.  1.  1.  0. -1.  1.  0.]
2.274755388e-7 [-1. -1. -1.  1.  0.  1. -1.  1.  0.  1.  0. -1. -1.  0.  1.  0.  0.]
2.275919542e-7 [ 1. -1. -1.  1.  0.  0. -1.  1.  0.  1.  0. -1. -1.  0.  1.  0.  0.]
2.277083695e-7 [-1. -1. -1. -1.  0.  1. -1.  1.  0.  1.  0. -1. -1.  0.  1.  0.  1.]
9.569339454e-7 [ 1. -1.  0.  0. -1.  0. -1. -1.  1.  0. -1.  0. -1.  1.  1.  1.  0.]
9.571667761e-7 [-1. -1.  0.  0. -1.  1. -1. -1.  1.  0. -1.  0. -1.  1.  1.  1.  0.]
1.573935151e-6 [-1.  0. -1. -1.  1. -1.  1.  0.  1.  1. -1.  1.  0. -1. -1.  1.  0.]
1.574167982e-6 [-1.  0. -1.  1.  1. -1.  1.  0.  1.  1. -1.  1.  0. -1. -1.  1. -1.]
2.035172656e-6 [ 1.  1. -1. -1.  0.  1.  1. -1.  0.  1.  0. -1.  1.  1.  0. -1. -1.]
3.532040864e-6 [ 0.  0.  0.  1. -1. -1.  1. -1.  0.  1.  0.  1.  0. -1.  0.  1. -1.]
3.847293556e-6 [ 0. -1.  1.  0. -1.  1.  1.  1.  0. -1. -1. -1.  1. -1.  0.  1.  0.]
3.990950063e-6 [ 0.  0.  1.  0.  0. -1.  0.  1. -1.  0.  0. -1.  0.  0. -1.  1.  1.]
4.461035132e-6 [ 0.  1.  1.  1. -1.  0. -1.  1.  0. -1. -1.  1.  1.  0. -1.  1. -1.]
4.461966455e-6 [ 0.  0. -1.  0. -1.  1.  1. -1.  1.  1.  0.  1. -1.  1. -1. -1.  0.]


17 : 
2.14626027172926e-7 [ 0.  0.  1.  0.  1. -1. -1.  0. -1.  0. -1.  1.  1.  0. -1.  1.  0.]
2.27713663036866e-7 [-1. -1. -1. -1.  0.  1. -1.  1.  0.  1.  0. -1. -1.  0.  1.  0.  1.]
9.57023733150208e-7 [-1. -1.  0.  0. -1.  1. -1. -1.  1.  0. -1.  0. -1.  1.  1.  1.  0.]
9.57023736702922e-7 [ 1. -1.  0.  0. -1.  0. -1. -1.  1.  0. -1.  0. -1.  1.  1.  1.  0.]
1.57401233735754e-6 [-1.  0. -1.  1.  1. -1.  1.  0.  1.  1. -1.  1.  0. -1. -1.  1. -1.]
1.57401234091026e-6 [-1.  0. -1. -1.  1. -1.  1.  0.  1.  1. -1.  1.  0. -1. -1.  1.  0.]
2.0349918941065e-6 [ 1.  1. -1. -1.  0.  1.  1. -1.  0.  1.  0. -1.  1.  1.  0. -1. -1.]
3.53196750069174e-6 [ 0.  0.  0.  1. -1. -1.  1. -1.  0.  1.  0.  1.  0. -1.  0.  1. -1.]
3.53196750246809e-6 [ 0.  0.  0. -1. -1. -1.  1. -1.  0.  1.  0.  1.  0. -1.  0.  1.  0.]
3.84743482939598e-6 [ 0. -1.  1.  0. -1.  1.  1.  1.  0. -1. -1. -1.  1. -1.  0.  1.  0.]
3.99108299298234e-6 [ 0.  0.  1.  0.  0. -1.  0.  1. -1.  0.  0. -1.  0.  0. -1.  1.  1.]
4.4610741838369e-6 [ 0.  1.  1.  1. -1.  0. -1.  1.  0. -1. -1.  1.  1.  0. -1.  1. -1.]
4.46212939664292e-6 [ 0.  0. -1.  0. -1.  1.  1. -1.  1.  1.  0.  1. -1.  1. -1. -1.  0.]


17 : 
2.146260287680856662e-7 [ 0.  0.  1.  0.  1. -1. -1.  0. -1.  0. -1.  1.  1.  0. -1.  1.  0.]
2.277136635122614574e-7 [-1. -1. -1. -1.  0.  1. -1.  1.  0.  1.  0. -1. -1.  0.  1.  0.  1.]
2.2771366351228856245e-7 [ 1. -1. -1.  1.  0.  0. -1.  1.  0.  1.  0. -1. -1.  0.  1.  0.  0.]
9.5702373594208330412e-7 [ 1. -1.  0.  0. -1.  0. -1. -1.  1.  0. -1.  0. -1.  1.  1.  1.  0.]
9.5702373594211040918e-7 [-1. -1.  0.  0. -1.  1. -1. -1.  1.  0. -1.  0. -1.  1.  1.  1.  0.]
1.5740123413052599464e-6 [-1.  0. -1.  1.  1. -1.  1.  0.  1.  1. -1.  1.  0. -1. -1.  1. -1.]
1.5740123413052870514e-6 [-1.  0. -1. -1.  1. -1.  1.  0.  1.  1. -1.  1.  0. -1. -1.  1.  0.]
2.0349918927848003984e-6 [ 1.  1. -1. -1.  0.  1.  1. -1.  0.  1.  0. -1.  1.  1.  0. -1. -1.]
3.5319675021670089363e-6 [ 0.  0.  0.  1. -1. -1.  1. -1.  0.  1.  0.  1.  0. -1.  0.  1. -1.]
3.8474348253577598383e-6 [ 0. -1.  1.  0. -1.  1.  1.  1.  0. -1. -1. -1.  1. -1.  0.  1.  0.]
3.9910829957883928957e-6 [ 0.  0.  1.  0.  0. -1.  0.  1. -1.  0.  0. -1.  0.  0. -1.  1.  1.]
4.4610741846366611975e-6 [ 0.  1.  1.  1. -1.  0. -1.  1.  0. -1. -1.  1.  1.  0. -1.  1. -1.]
4.4610741846366883025e-6 [ 0.  1.  1. -1. -1.  0. -1.  1.  0. -1. -1.  1.  1.  0. -1.  1.  0.]
4.462129397880322014e-6 [ 0.  0. -1.  0. -1.  1.  1. -1.  1.  1.  0.  1. -1.  1. -1. -1.  0.]


17 : 
0.0000002146260287681002311919343 [ 0.  0.  1.  0.  1. -1. -1.  0. -1.  0. -1.  1.  1.  0. -1.  1.  0.]
0.0000002277136635122693788924149 [-1. -1. -1. -1.  0.  1. -1.  1.  0.  1.  0. -1. -1.  0.  1.  0.  1.]
0.0000009570237359421128894788522 [-1. -1.  0.  0. -1.  1. -1. -1.  1.  0. -1.  0. -1.  1.  1.  1.  0.]
0.000001574012341305277860217659 [-1.  0. -1.  1.  1. -1.  1.  0.  1.  1. -1.  1.  0. -1. -1.  1. -1.]
0.00000157401234130527786063125 [-1.  0. -1. -1.  1. -1.  1.  0.  1.  1. -1.  1.  0. -1. -1.  1.  0.]
0.000002034991892784805377627489 [ 1.  1. -1. -1.  0.  1.  1. -1.  0.  1.  0. -1.  1.  1.  0. -1. -1.]
0.00000353196750216699623283839 [ 0.  0.  0.  1. -1. -1.  1. -1.  0.  1.  0.  1.  0. -1.  0.  1. -1.]
0.000003531967502166996233045185 [ 0.  0.  0. -1. -1. -1.  1. -1.  0.  1.  0.  1.  0. -1.  0.  1.  0.]
0.000003847434825357759263849886 [ 0. -1.  1.  0. -1.  1.  1.  1.  0. -1. -1. -1.  1. -1.  0.  1.  0.]
0.000003991082995788406474272446 [ 0.  0.  1.  0.  0. -1.  0.  1. -1.  0.  0. -1.  0.  0. -1.  1.  1.]
0.000004461074184636680944766661 [ 0.  1.  1.  1. -1.  0. -1.  1.  0. -1. -1.  1.  1.  0. -1.  1. -1.]
0.000004461074184636680945180252 [ 0.  1.  1. -1. -1.  0. -1.  1.  0. -1. -1.  1.  1.  0. -1.  1.  0.]
0.000004462129397880288925940022 [ 0.  0. -1.  0. -1.  1.  1. -1.  1.  1.  0.  1. -1.  1. -1. -1.  0.]


17 : 
0.000000214626028768100231552721451635 [ 0.  0.  1.  0.  1. -1. -1.  0. -1.  0. -1.  1.  1.  0. -1.  1.  0.]
0.000000227713663512269378986942535198 [-1. -1. -1. -1.  0.  1. -1.  1.  0.  1.  0. -1. -1.  0.  1.  0.  1.]
0.00000095702373594211288960322398559 [-1. -1.  0.  0. -1.  1. -1. -1.  1.  0. -1.  0. -1.  1.  1.  1.  0.]
0.00000157401234130527786059487361936 [-1.  0. -1.  1.  1. -1.  1.  0.  1.  1. -1.  1.  0. -1. -1.  1. -1.]
0.00000203499189278480537741881292112 [ 1.  1. -1. -1.  0.  1.  1. -1.  0.  1.  0. -1.  1.  1.  0. -1. -1.]
0.00000353196750216699623298972182726 [ 0.  0.  0.  1. -1. -1.  1. -1.  0.  1.  0.  1.  0. -1.  0.  1. -1.]
0.0000038474348253577592641693300837 [ 0. -1.  1.  0. -1.  1.  1.  1.  0. -1. -1. -1.  1. -1.  0.  1.  0.]
0.00000399108299578840647393356714443 [ 0.  0.  1.  0.  0. -1.  0.  1. -1.  0.  0. -1.  0.  0. -1.  1.  1.]
0.00000446107418463668094503248533812 [ 0.  1.  1.  1. -1.  0. -1.  1.  0. -1. -1.  1.  1.  0. -1.  1. -1.]
0.00000446212939788028892572173200884 [ 0.  0. -1.  0. -1.  1.  1. -1.  1.  1.  0.  1. -1.  1. -1. -1.  0.]


17 : 
0.00000021462602876810023155271744673633325 [ 0.  0.  1.  0.  1. -1. -1.  0. -1.  0. -1.  1.  1.  0. -1.  1.  0.]
0.00000022771366351226937898694373191024526 [ 1. -1. -1.  1.  0.  0. -1.  1.  0.  1.  0. -1. -1.  0.  1.  0.  0.]
0.00000022771366351226937898694373192228233 [-1. -1. -1. -1.  0.  1. -1.  1.  0.  1.  0. -1. -1.  0.  1.  0.  1.]
0.00000095702373594211288960322480943104969 [ 1. -1.  0.  0. -1.  0. -1. -1.  1.  0. -1.  0. -1.  1.  1.  1.  0.]
0.00000095702373594211288960322480945512381 [-1. -1.  0.  0. -1.  1. -1. -1.  1.  0. -1.  0. -1.  1.  1.  1.  0.]
0.0000015740123413052778605948746589081386 [-1.  0. -1.  1.  1. -1.  1.  0.  1.  1. -1.  1.  0. -1. -1.  1. -1.]
0.0000020349918927848053774188154505674945 [ 1.  1. -1. -1.  0.  1.  1. -1.  0.  1.  0. -1.  1.  1.  0. -1. -1.]
0.0000035319675021669962329897227956223508 [ 0.  0.  0.  1. -1. -1.  1. -1.  0.  1.  0.  1.  0. -1.  0.  1. -1.]
0.0000035319675021669962329897227956464249 [ 0.  0.  0. -1. -1. -1.  1. -1.  0.  1.  0.  1.  0. -1.  0.  1.  0.]
0.0000038474348253577592641693302199639833 [ 0. -1.  1.  0. -1.  1.  1.  1.  0. -1. -1. -1.  1. -1.  0.  1.  0.]
0.0000039910829957884064739335680042035209 [ 0.  0.  1.  0.  0. -1.  0.  1. -1.  0.  0. -1.  0.  0. -1.  1.  1.]
0.0000044610741846366809450324829363400753 [ 0.  1.  1. -1. -1.  0. -1.  1.  0. -1. -1.  1.  1.  0. -1.  1.  0.]
0.0000044610741846366809450324829363641494 [ 0.  1.  1.  1. -1.  0. -1.  1.  0. -1. -1.  1.  1.  0. -1.  1. -1.]
0.0000044621293978802889257217332462746503 [ 0.  0. -1.  0. -1.  1.  1. -1.  1.  1.  0.  1. -1.  1. -1. -1.  0.]


17 : 
0.0000002146260287681002315527174467369004235247 [ 0.  0.  1.  0.  1. -1. -1.  0. -1.  0. -1.  1.  1.  0. -1.  1.  0.]
0.0000002277136635122693789869437319164199154429 [-1. -1. -1. -1.  0.  1. -1.  1.  0.  1.  0. -1. -1.  0.  1.  0.  1.]
0.0000009570237359421128896032248094341210364045 [-1. -1.  0.  0. -1.  1. -1. -1.  1.  0. -1.  0. -1.  1.  1.  1.  0.]
0.000001574012341305277860594874658909059518684 [-1.  0. -1. -1.  1. -1.  1.  0.  1.  1. -1.  1.  0. -1. -1.  1.  0.]
0.000001574012341305277860594874658909059886026 [-1.  0. -1.  1.  1. -1.  1.  0.  1.  1. -1.  1.  0. -1. -1.  1. -1.]
0.000002034991892784805377418815450545839273627 [ 1.  1. -1. -1.  0.  1.  1. -1.  0.  1.  0. -1.  1.  1.  0. -1. -1.]
0.000003531967502166996232989722795632892234946 [ 0.  0.  0. -1. -1. -1.  1. -1.  0.  1.  0.  1.  0. -1.  0.  1.  0.]
0.000003531967502166996232989722795632892785959 [ 0.  0.  0.  1. -1. -1.  1. -1.  0.  1.  0.  1.  0. -1.  0.  1. -1.]
0.000003847434825357759264169330219969986025688 [ 0. -1.  1.  0. -1.  1.  1.  1.  0. -1. -1. -1.  1. -1.  0.  1.  0.]
0.000003991082995788406473933568004214170353787 [ 0.  0.  1.  0.  0. -1.  0.  1. -1.  0.  0. -1.  0.  0. -1.  1.  1.]
0.00000446107418463668094503248293634601810946 [ 0.  1.  1.  1. -1.  0. -1.  1.  0. -1. -1.  1.  1.  0. -1.  1. -1.]
0.000004462129397880288925721733246248197960083 [ 0.  0. -1.  0. -1.  1.  1. -1.  1.  1.  0.  1. -1.  1. -1. -1.  0.]


17 : 
0.000000214626028768100231552717446736900442215193928 [ 0.  0.  1.  0.  1. -1. -1.  0. -1.  0. -1.  1.  1.  0. -1.  1.  0.]
0.000000227713663512269378986943731916419774158334209 [-1. -1. -1.  1.  0.  1. -1.  1.  0.  1.  0. -1. -1.  0.  1.  0.  0.]
0.000000227713663512269378986943731916419774161136806 [-1. -1. -1. -1.  0.  1. -1.  1.  0.  1.  0. -1. -1.  0.  1.  0.  1.]
0.00000095702373594211288960322480943412072666704354 [ 1. -1.  0.  0. -1.  0. -1. -1.  1.  0. -1.  0. -1.  1.  1.  1.  0.]
0.000000957023735942112889603224809434120726669846137 [-1. -1.  0.  0. -1.  1. -1. -1.  1.  0. -1.  0. -1.  1.  1.  1.  0.]
0.00000157401234130527786059487465890905984886923407 [-1.  0. -1. -1.  1. -1.  1.  0.  1.  1. -1.  1.  0. -1. -1.  1.  0.]
0.00000157401234130527786059487465890905984887203667 [-1.  0. -1.  1.  1. -1.  1.  0.  1.  1. -1.  1.  0. -1. -1.  1. -1.]
0.00000203499189278480537741881545054583940071373516 [ 1.  1. -1. -1.  0.  1.  1. -1.  0.  1.  0. -1.  1.  1.  0. -1. -1.]
0.00000353196750216699623298972279563289238567770429 [ 0.  0.  0.  1. -1. -1.  1. -1.  0.  1.  0.  1.  0. -1.  0.  1. -1.]
0.00000384743482535775926416933021996998665501119834 [ 0. -1.  1.  0. -1.  1.  1.  1.  0. -1. -1. -1.  1. -1.  0.  1.  0.]
0.00000399108299578840647393356800421417024100515756 [ 0.  0.  1.  0.  0. -1.  0.  1. -1.  0.  0. -1.  0.  0. -1.  1.  1.]
0.00000446107418463668094503248293634601849068028839 [ 0.  1.  1. -1. -1.  0. -1.  1.  0. -1. -1.  1.  1.  0. -1.  1.  0.]
0.00000446107418463668094503248293634601849068309098 [ 0.  1.  1.  1. -1.  0. -1.  1.  0. -1. -1.  1.  1.  0. -1.  1. -1.]
0.00000446212939788028892572173324624819796566576243 [ 0.  0. -1.  0. -1.  1.  1. -1.  1.  1.  0.  1. -1.  1. -1. -1.  0.]


17 : 
0.00000021462602876810023155271744673690044221257649985404 [ 0.  0.  1.  0.  1. -1. -1.  0. -1.  0. -1.  1.  1.  0. -1.  1.  0.]
0.00000022771366351226937898694373191641977415946023411049 [-1. -1. -1. -1.  0.  1. -1.  1.  0.  1.  0. -1. -1.  0.  1.  0.  1.]
0.0000002277136635122693789869437319164197741594602554926 [ 1. -1. -1.  1.  0.  0. -1.  1.  0.  1.  0. -1. -1.  0.  1.  0.  0.]
0.00000095702373594211288960322480943412072666897460218474 [-1. -1.  0.  0. -1.  1. -1. -1.  1.  0. -1.  0. -1.  1.  1.  1.  0.]
0.0000015740123413052778605948746589090598488694389947391 [-1.  0. -1.  1.  1. -1.  1.  0.  1.  1. -1.  1.  0. -1. -1.  1. -1.]
0.0000015740123413052778605948746589090598488694390375033 [-1.  0. -1. -1.  1. -1.  1.  0.  1.  1. -1.  1.  0. -1. -1.  1.  0.]
0.0000020349918927848053774188154505458394007145969489091 [ 1.  1. -1. -1.  0.  1.  1. -1.  0.  1.  0. -1.  1.  1.  0. -1. -1.]
0.0000035319675021669962329897227956328923856775313113192 [ 0.  0.  0.  1. -1. -1.  1. -1.  0.  1.  0.  1.  0. -1.  0.  1. -1.]
0.0000035319675021669962329897227956328923856775313327013 [ 0.  0.  0. -1. -1. -1.  1. -1.  0.  1.  0.  1.  0. -1.  0.  1.  0.]
0.0000038474348253577592641693302199699866550103118381134 [ 0. -1.  1.  0. -1.  1.  1.  1.  0. -1. -1. -1.  1. -1.  0.  1.  0.]
0.0000039910829957884064739335680042141702410050338429417 [ 0.  0.  1.  0.  0. -1.  0.  1. -1.  0.  0. -1.  0.  0. -1.  1.  1.]
0.0000044610741846366809450324829363460184906819750093362 [ 0.  1.  1.  1. -1.  0. -1.  1.  0. -1. -1.  1.  1.  0. -1.  1. -1.]
0.0000044610741846366809450324829363460184906819750521004 [ 0.  1.  1. -1. -1.  0. -1.  1.  0. -1. -1.  1.  1.  0. -1.  1.  0.]
0.0000044621293978802889257217332462481979656650130324562 [ 0.  0. -1.  0. -1.  1.  1. -1.  1.  1.  0.  1. -1.  1. -1. -1.  0.]


17 : 
0.0000002146260287681002315527174467369004422125764834562790083 [ 0.  0.  1.  0.  1. -1. -1.  0. -1.  0. -1.  1.  1.  0. -1.  1.  0.]
0.0000002277136635122693789869437319164197741594602473480441072 [-1. -1. -1.  1.  0.  1. -1.  1.  0.  1.  0. -1. -1.  0.  1.  0.  0.]
0.0000002277136635122693789869437319164197741594602473483703725 [-1. -1. -1. -1.  0.  1. -1.  1.  0.  1.  0. -1. -1.  0.  1.  0.  1.]
0.0000009570237359421128896032248094341207266689745956927146429 [ 1. -1.  0.  0. -1.  0. -1. -1.  1.  0. -1.  0. -1.  1.  1.  1.  0.]
0.0000009570237359421128896032248094341207266689745956930409081 [-1. -1.  0.  0. -1.  1. -1. -1.  1.  0. -1.  0. -1.  1.  1.  1.  0.]
0.000001574012341305277860594874658909059848869439049992080641 [-1.  0. -1.  1.  1. -1.  1.  0.  1.  1. -1.  1.  0. -1. -1.  1. -1.]
0.000001574012341305277860594874658909059848869439049992406906 [-1.  0. -1. -1.  1. -1.  1.  0.  1.  1. -1.  1.  0. -1. -1.  1.  0.]
0.000002034991892784805377418815450545839400714596945972723573 [ 1.  1. -1. -1.  0.  1.  1. -1.  0.  1.  0. -1.  1.  1.  0. -1. -1.]
0.00000353196750216699623298972279563289238567753135159925562 [ 0.  0.  0.  1. -1. -1.  1. -1.  0.  1.  0.  1.  0. -1.  0.  1. -1.]
0.000003847434825357759264169330219969986655010311825659816576 [ 0. -1.  1.  0. -1.  1.  1.  1.  0. -1. -1. -1.  1. -1.  0.  1.  0.]
0.000003991082995788406473933568004214170241005033848977602797 [ 0.  0.  1.  0.  0. -1.  0.  1. -1.  0.  0. -1.  0.  0. -1.  1.  1.]
0.000004461074184636680945032482936346018490681975062604845035 [ 0.  1.  1.  1. -1.  0. -1.  1.  0. -1. -1.  1.  1.  0. -1.  1. -1.]
0.000004461074184636680945032482936346018490681975062605171301 [ 0.  1.  1. -1. -1.  0. -1.  1.  0. -1. -1.  1.  1.  0. -1.  1.  0.]
0.000004462129397880288925721733246248197965665013037530289516 [ 0.  0. -1.  0. -1.  1.  1. -1.  1.  1.  0.  1. -1.  1. -1. -1.  0.]


17 : 
0.000000214626028768100231552717446736900442212576483456298926920316 [ 0.  0.  1.  0.  1. -1. -1.  0. -1.  0. -1.  1.  1.  0. -1.  1.  0.]
0.000000227713663512269378986943731916419774159460247348104311169731 [-1. -1. -1. -1.  0.  1. -1.  1.  0.  1.  0. -1. -1.  0.  1.  0.  1.]
0.000000227713663512269378986943731916419774159460247348104314903541 [ 1. -1. -1.  1.  0.  0. -1.  1.  0.  1.  0. -1. -1.  0.  1.  0.  0.]
0.000000227713663512269378986943731916419774159460247348104316148144 [ 1. -1. -1. -1.  0.  0. -1.  1.  0.  1.  0. -1. -1.  0.  1.  0.  1.]
0.000000957023735942112889603224809434120726668974595692767140253489 [-1. -1.  0.  0. -1.  1. -1. -1.  1.  0. -1.  0. -1.  1.  1.  1.  0.]
0.000000957023735942112889603224809434120726668974595692767142742695 [ 1. -1.  0.  0. -1.  0. -1. -1.  1.  0. -1.  0. -1.  1.  1.  1.  0.]
0.00000157401234130527786059487465890905984886943904999208983097176 [-1.  0. -1.  1.  1. -1.  1.  0.  1.  1. -1.  1.  0. -1. -1.  1. -1.]
0.00000203499189278480537741881545054583940071459694597273308160977 [ 1.  1. -1. -1.  0.  1.  1. -1.  0.  1.  0. -1.  1.  1.  0. -1. -1.]
0.00000353196750216699623298972279563289238567753135159922488116668 [ 0.  0.  0.  1. -1. -1.  1. -1.  0.  1.  0.  1.  0. -1.  0.  1. -1.]
0.00000353196750216699623298972279563289238567753135159922488241128 [ 0.  0.  0. -1. -1. -1.  1. -1.  0.  1.  0.  1.  0. -1.  0.  1.  0.]
0.00000384743482535775926416933021996998665501031182565959476290254 [ 0. -1.  1.  0. -1.  1.  1.  1.  0. -1. -1. -1.  1. -1.  0.  1.  0.]
0.00000399108299578840647393356800421417024100503384897761212513996 [ 0.  0.  1.  0.  0. -1.  0.  1. -1.  0.  0. -1.  0.  0. -1.  1.  1.]
0.00000446107418463668094503248293634601849068197506260500412065927 [ 0.  1.  1.  1. -1.  0. -1.  1.  0. -1. -1.  1.  1.  0. -1.  1. -1.]
0.00000446212939788028892572173324624819796566501303753055166887598 [ 0.  0. -1.  0. -1.  1.  1. -1.  1.  1.  0.  1. -1.  1. -1. -1.  0.]


17 : 
0.00000021462602876810023155271744673690044221257648345629892548815665817 [ 0.  0.  1.  0.  1. -1. -1.  0. -1.  0. -1.  1.  1.  0. -1.  1.  0.]
0.00000022771366351226937898694373191641977415946024734810431502079178723 [-1. -1. -1. -1.  0.  1. -1.  1.  0.  1.  0. -1. -1.  0.  1.  0.  1.]
0.00000095702373594211288960322480943412072666897459569276713958173467911 [-1. -1.  0.  0. -1.  1. -1. -1.  1.  0. -1.  0. -1.  1.  1.  1.  0.]
0.00000095702373594211288960322480943412072666897459569276713958177266138 [ 1. -1.  0.  0. -1.  0. -1. -1.  1.  0. -1.  0. -1.  1.  1.  1.  0.]
0.0000015740123413052778605948746589090598488694390499920898337153719868 [-1.  0. -1.  1.  1. -1.  1.  0.  1.  1. -1.  1.  0. -1. -1.  1. -1.]
0.0000015740123413052778605948746589090598488694390499920898337154479514 [-1.  0. -1. -1.  1. -1.  1.  0.  1.  1. -1.  1.  0. -1. -1.  1.  0.]
0.0000020349918927848053774188154505458394007145969459727330829947578875 [ 1.  1. -1. -1.  0.  1.  1. -1.  0.  1.  0. -1.  1.  1.  0. -1. -1.]
0.0000035319675021669962329897227956328923856775313515992248822351971755 [ 0.  0.  0.  1. -1. -1.  1. -1.  0.  1.  0.  1.  0. -1.  0.  1. -1.]
0.0000035319675021669962329897227956328923856775313515992248822352161666 [ 0.  0.  0. -1. -1. -1.  1. -1.  0.  1.  0.  1.  0. -1.  0.  1.  0.]
0.0000038474348253577592641693302199699866550103118256595947606038514272 [ 0. -1.  1.  0. -1.  1.  1.  1.  0. -1. -1. -1.  1. -1.  0.  1.  0.]
0.00000399108299578840647393356800421417024100503384897761212564413761 [ 0.  0.  1.  0.  0. -1.  0.  1. -1.  0.  0. -1.  0.  0. -1.  1.  1.]
0.0000044610741846366809450324829363460184906819750626050041201929579271 [ 0.  1.  1. -1. -1.  0. -1.  1.  0. -1. -1.  1.  1.  0. -1.  1.  0.]
0.0000044610741846366809450324829363460184906819750626050041201929959094 [ 0.  1.  1.  1. -1.  0. -1.  1.  0. -1. -1.  1.  1.  0. -1.  1. -1.]
0.0000044621293978802889257217332462481979656650130375305516695549514963 [ 0.  0. -1.  0. -1.  1.  1. -1.  1.  1.  0.  1. -1.  1. -1. -1.  0.]


17 : 
0.0000002146260287681002315527174467369004422125764834562989254881826246396715 [ 0.  0.  1.  0.  1. -1. -1.  0. -1.  0. -1.  1.  1.  0. -1.  1.  0.]
0.0000002277136635122693789869437319164197741594602473481043150207856768925431 [ 1. -1. -1. -1.  0.  0. -1.  1.  0.  1.  0. -1. -1.  0.  1.  0.  1.]
0.0000002277136635122693789869437319164197741594602473481043150207856771823248 [-1. -1. -1.  1.  0.  1. -1.  1.  0.  1.  0. -1. -1.  0.  1.  0.  0.]
0.0000002277136635122693789869437319164197741594602473481043150207856773272157 [ 1. -1. -1.  1.  0.  0. -1.  1.  0.  1.  0. -1. -1.  0.  1.  0.  0.]
0.0000002277136635122693789869437319164197741594602473481043150207856774721065 [-1. -1. -1. -1.  0.  1. -1.  1.  0.  1.  0. -1. -1.  0.  1.  0.  1.]
0.0000009570237359421128896032248094341207266689745956927671395817549281892623 [ 1. -1.  0.  0. -1.  0. -1. -1.  1.  0. -1.  0. -1.  1.  1.  1.  0.]
0.000000957023735942112889603224809434120726668974595692767139581754928479044 [-1. -1.  0.  0. -1.  1. -1. -1.  1.  0. -1.  0. -1.  1.  1.  1.  0.]
0.000001574012341305277860594874658909059848869439049992089833715413021641474 [-1.  0. -1.  1.  1. -1.  1.  0.  1.  1. -1.  1.  0. -1. -1.  1. -1.]
0.000001574012341305277860594874658909059848869439049992089833715413022221037 [-1.  0. -1. -1.  1. -1.  1.  0.  1.  1. -1.  1.  0. -1. -1.  1.  0.]
0.000002034991892784805377418815450545839400714596945972733082994780087426024 [ 1.  1. -1. -1.  0.  1.  1. -1.  0.  1.  0. -1.  1.  1.  0. -1. -1.]
0.000003531967502166996232989722795632892385677531351599224882235198993839587 [ 0.  0.  0. -1. -1. -1.  1. -1.  0.  1.  0.  1.  0. -1.  0.  1.  0.]
0.000003531967502166996232989722795632892385677531351599224882235198994129368 [ 0.  0.  0.  1. -1. -1.  1. -1.  0.  1.  0.  1.  0. -1.  0.  1. -1.]
0.000003847434825357759264169330219969986655010311825659594760603820536781295 [ 0. -1.  1.  0. -1.  1.  1.  1.  0. -1. -1. -1.  1. -1.  0.  1.  0.]
0.000003991082995788406473933568004214170241005033848977612125644156572549785 [ 0.  0.  1.  0.  0. -1.  0.  1. -1.  0.  0. -1.  0.  0. -1.  1.  1.]
0.00000446107418463668094503248293634601849068197506260500412019298654076511 [ 0.  1.  1.  1. -1.  0. -1.  1.  0. -1. -1.  1.  1.  0. -1.  1. -1.]
0.000004461074184636680945032482936346018490681975062605004120192986541054892 [ 0.  1.  1. -1. -1.  0. -1.  1.  0. -1. -1.  1.  1.  0. -1.  1.  0.]
0.00000446212939788028892572173324624819796566501303753055166955497017070564 [ 0.  0. -1.  0. -1.  1.  1. -1.  1.  1.  0.  1. -1.  1. -1. -1.  0.]


17 : 
0.000000214626028768100231552717446736900442212576483456298925488182624590767254517 [ 0.  0.  1.  0.  1. -1. -1.  0. -1.  0. -1.  1.  1.  0. -1.  1.  0.]
0.000000227713663512269378986943731916419774159460247348104315020785677231861328609 [-1. -1. -1. -1.  0.  1. -1.  1.  0.  1.  0. -1. -1.  0.  1.  0.  1.]
0.000000227713663512269378986943731916419774159460247348104315020785677231865750328 [ 1. -1. -1. -1.  0.  0. -1.  1.  0.  1.  0. -1. -1.  0.  1.  0.  1.]
0.000000957023735942112889603224809434120726668974595692767139581754928379431551443 [-1. -1.  0.  0. -1.  1. -1. -1.  1.  0. -1.  0. -1.  1.  1.  1.  0.]
0.000000957023735942112889603224809434120726668974595692767139581754928379435973161 [ 1. -1.  0.  0. -1.  0. -1. -1.  1.  0. -1.  0. -1.  1.  1.  1.  0.]
0.00000157401234130527786059487465890905984886943904999208983371541302205998965407 [-1.  0. -1.  1.  1. -1.  1.  0.  1.  1. -1.  1.  0. -1. -1.  1. -1.]
0.0000015740123413052778605948746589090598488694390499920898337154130220599984975 [-1.  0. -1. -1.  1. -1.  1.  0.  1.  1. -1.  1.  0. -1. -1.  1.  0.]
0.00000203499189278480537741881545054583940071459694597273308299478008751813258727 [ 1.  1. -1. -1.  0.  1.  1. -1.  0.  1.  0. -1.  1.  1.  0. -1. -1.]
0.00000353196750216699623298972279563289238567753135159922488223519899395142076072 [ 0.  0.  0.  1. -1. -1.  1. -1.  0.  1.  0.  1.  0. -1.  0.  1. -1.]
0.00000353196750216699623298972279563289238567753135159922488223519899395142518244 [ 0.  0.  0. -1. -1. -1.  1. -1.  0.  1.  0.  1.  0. -1.  0.  1.  0.]
0.00000384743482535775926416933021996998665501031182565959476060382053666764826781 [ 0. -1.  1.  0. -1.  1.  1.  1.  0. -1. -1. -1.  1. -1.  0.  1.  0.]
0.00000399108299578840647393356800421417024100503384897761212564415657267476067191 [ 0.  0.  1.  0.  0. -1.  0.  1. -1.  0.  0. -1.  0.  0. -1.  1.  1.]
0.00000446107418463668094503248293634601849068197506260500412019298654097527870895 [ 0.  1.  1.  1. -1.  0. -1.  1.  0. -1. -1.  1.  1.  0. -1.  1. -1.]
0.000004462129397880288925721733246248197965665013037530551669554970170683708359 [ 0.  0. -1.  0. -1.  1.  1. -1.  1.  1.  0.  1. -1.  1. -1. -1.  0.]


17 : 
0.00000021462602876810023155271744673690044221257648345629892548818262459076965075011766 [ 0.  0.  1.  0.  1. -1. -1.  0. -1.  0. -1.  1.  1.  0. -1.  1.  0.]
0.00000022771366351226937898694373191641977415946024734810431502078567723186202183040824 [-1. -1. -1. -1.  0.  1. -1.  1.  0.  1.  0. -1. -1.  0.  1.  0.  1.]
0.00000095702373594211288960322480943412072666897459569276713958175492837943608931058254 [ 1. -1.  0.  0. -1.  0. -1. -1.  1.  0. -1.  0. -1.  1.  1.  1.  0.]
0.00000095702373594211288960322480943412072666897459569276713958175492837943608934431757 [-1. -1.  0.  0. -1.  1. -1. -1.  1.  0. -1.  0. -1.  1.  1.  1.  0.]
0.0000015740123413052778605948746589090598488694390499920898337154130220599951263268556 [-1.  0. -1.  1.  1. -1.  1.  0.  1.  1. -1.  1.  0. -1. -1.  1. -1.]
0.0000020349918927848053774188154505458394007145969459727330829947800875181283478864542 [ 1.  1. -1. -1.  0.  1.  1. -1.  0.  1.  0. -1.  1.  1.  0. -1. -1.]
0.0000035319675021669962329897227956328923856775313515992248822351989939514226354402035 [ 0.  0.  0.  1. -1. -1.  1. -1.  0.  1.  0.  1.  0. -1.  0.  1. -1.]
0.000003531967502166996232989722795632892385677531351599224882235198993951422635457071 [ 0.  0.  0. -1. -1. -1.  1. -1.  0.  1.  0.  1.  0. -1.  0.  1.  0.]
0.0000038474348253577592641693302199699866550103118256595947606038205366676525289847086 [ 0. -1.  1.  0. -1.  1.  1.  1.  0. -1. -1. -1.  1. -1.  0.  1.  0.]
0.0000039910829957884064739335680042141702410050338489776121256441565726747608570509914 [ 0.  0.  1.  0.  0. -1.  0.  1. -1.  0.  0. -1.  0.  0. -1.  1.  1.]
0.0000044610741846366809450324829363460184906819750626050041201929865409752798978710653 [ 0.  1.  1.  1. -1.  0. -1.  1.  0. -1. -1.  1.  1.  0. -1.  1. -1.]
0.0000044610741846366809450324829363460184906819750626050041201929865409752798979048003 [ 0.  1.  1. -1. -1.  0. -1.  1.  0. -1. -1.  1.  1.  0. -1.  1.  0.]
0.0000044621293978802889257217332462481979656650130375305516695549701706837078000128515 [ 0.  0. -1.  0. -1.  1.  1. -1.  1.  1.  0.  1. -1.  1. -1. -1.  0.]


17 : 
0.000000214626028768100231552717446736900442212576483456298925488182624590769650789660163392 [ 0.  0.  1.  0.  1. -1. -1.  0. -1.  0. -1.  1.  1.  0. -1.  1.  0.]
0.0000002277136635122693789869437319164197741594602473481043150207856772318620218244741338367 [-1. -1. -1. -1.  0.  1. -1.  1.  0.  1.  0. -1. -1.  0.  1.  0.  1.]
0.0000002277136635122693789869437319164197741594602473481043150207856772318620218244742625256 [ 1. -1. -1.  1.  0.  0. -1.  1.  0.  1.  0. -1. -1.  0.  1.  0.  0.]
0.0000009570237359421128896032248094341207266689745956927671395817549283794360893225634767815 [-1. -1.  0.  0. -1.  1. -1. -1.  1.  0. -1.  0. -1.  1.  1.  1.  0.]
0.000001574012341305277860594874658909059848869439049992089833715413022059995126314254620697 [-1.  0. -1. -1.  1. -1.  1.  0.  1.  1. -1.  1.  0. -1. -1.  1.  0.]
0.000001574012341305277860594874658909059848869439049992089833715413022059995126314254878075 [-1.  0. -1.  1.  1. -1.  1.  0.  1.  1. -1.  1.  0. -1. -1.  1. -1.]
0.000002034991892784805377418815450545839400714596945972733082994780087518128347873391226983 [ 1.  1. -1. -1.  0.  1.  1. -1.  0.  1.  0. -1.  1.  1.  0. -1. -1.]
0.000003531967502166996232989722795632892385677531351599224882235198993951422635460086680884 [ 0.  0.  0.  1. -1. -1.  1. -1.  0.  1.  0.  1.  0. -1.  0.  1. -1.]
0.000003531967502166996232989722795632892385677531351599224882235198993951422635460086938262 [ 0.  0.  0. -1. -1. -1.  1. -1.  0.  1.  0.  1.  0. -1.  0.  1.  0.]
0.000003847434825357759264169330219969986655010311825659594760603820536667652529006786736679 [ 0. -1.  1.  0. -1.  1.  1.  1.  0. -1. -1. -1.  1. -1.  0.  1.  0.]
0.000003991082995788406473933568004214170241005033848977612125644156572674760857043719974038 [ 0.  0.  1.  0.  0. -1.  0.  1. -1.  0.  0. -1.  0.  0. -1.  1.  1.]
0.000004461074184636680945032482936346018490681975062605004120192986540975279897886317761387 [ 0.  1.  1.  1. -1.  0. -1.  1.  0. -1. -1.  1.  1.  0. -1.  1. -1.]
0.000004462129397880288925721733246248197965665013037530551669554970170683707799988904563325 [ 0.  0. -1.  0. -1.  1.  1. -1.  1.  1.  0.  1. -1.  1. -1. -1.  0.]


17 : 
0.000000214626028768100231552717446736900442212576483456298925488182624590769650789659976316246509 [ 0.  0.  1.  0.  1. -1. -1.  0. -1.  0. -1.  1.  1.  0. -1.  1.  0.]
0.000000227713663512269378986943731916419774159460247348104315020785677231862021824474184345331946 [ 1. -1. -1. -1.  0.  0. -1.  1.  0.  1.  0. -1. -1.  0.  1.  0.  1.]
0.000000227713663512269378986943731916419774159460247348104315020785677231862021824474184349259221 [-1. -1. -1. -1.  0.  1. -1.  1.  0.  1.  0. -1. -1.  0.  1.  0.  1.]
0.000000957023735942112889603224809434120726668974595692767139581754928379436089322563598102899211 [ 1. -1.  0.  0. -1.  0. -1. -1.  1.  0. -1.  0. -1.  1.  1.  1.  0.]
0.000000957023735942112889603224809434120726668974595692767139581754928379436089322563598106826486 [-1. -1.  0.  0. -1.  1. -1. -1.  1.  0. -1.  0. -1.  1.  1.  1.  0.]
0.00000157401234130527786059487465890905984886943904999208983371541302205999512631425492409119364 [-1.  0. -1.  1.  1. -1.  1.  0.  1.  1. -1.  1.  0. -1. -1.  1. -1.]
0.0000020349918927848053774188154505458394007145969459727330829947800875181283478733909963025914 [ 1.  1. -1. -1.  0.  1.  1. -1.  0.  1.  0. -1.  1.  1.  0. -1. -1.]
0.00000353196750216699623298972279563289238567753135159922488223519899395142263546008688075476706 [ 0.  0.  0.  1. -1. -1.  1. -1.  0.  1.  0.  1.  0. -1.  0.  1. -1.]
0.00000353196750216699623298972279563289238567753135159922488223519899395142263546008688075673069 [ 0.  0.  0. -1. -1. -1.  1. -1.  0.  1.  0.  1.  0. -1.  0.  1.  0.]
0.00000384743482535775926416933021996998665501031182565959476060382053666765252900678677002969803 [ 0. -1.  1.  0. -1.  1.  1.  1.  0. -1. -1. -1.  1. -1.  0.  1.  0.]
0.00000399108299578840647393356800421417024100503384897761212564415657267476085704371979472268977 [ 0.  0.  1.  0.  0. -1.  0.  1. -1.  0.  0. -1.  0.  0. -1.  1.  1.]
0.00000446107418463668094503248293634601849068197506260500412019298654097527989788631790495259168 [ 0.  1.  1.  1. -1.  0. -1.  1.  0. -1. -1.  1.  1.  0. -1.  1. -1.]
0.00000446212939788028892572173324624819796566501303753055166955497017068370779998890456047397932 [ 0.  0. -1.  0. -1.  1.  1. -1.  1.  1.  0.  1. -1.  1. -1. -1.  0.]


17 : 
0.00000021462602876810023155271744673690044221257648345629892548818262459076965078965997631597960149244 [ 0.  0.  1.  0.  1. -1. -1.  0. -1.  0. -1.  1.  1.  0. -1.  1.  0.]
0.00000022771366351226937898694373191641977415946024734810431502078567723186202182447418434763853688245 [-1. -1. -1. -1.  0.  1. -1.  1.  0.  1.  0. -1. -1.  0.  1.  0.  1.]
0.00000095702373594211288960322480943412072666897459569276713958175492837943608932256359810488801746265 [-1. -1.  0.  0. -1.  1. -1. -1.  1.  0. -1.  0. -1.  1.  1.  1.  0.]
0.00000095702373594211288960322480943412072666897459569276713958175492837943608932256359810488804742538 [ 1. -1.  0.  0. -1.  0. -1. -1.  1.  0. -1.  0. -1.  1.  1.  1.  0.]
0.0000015740123413052778605948746589090598488694390499920898337154130220599951263142549240924343397002 [-1.  0. -1.  1.  1. -1.  1.  0.  1.  1. -1.  1.  0. -1. -1.  1. -1.]
0.0000020349918927848053774188154505458394007145969459727330829947800875181283478733909963045906319972 [ 1.  1. -1. -1.  0.  1.  1. -1.  0.  1.  0. -1.  1.  1.  0. -1. -1.]
0.0000035319675021669962329897227956328923856775313515992248822351989939514226354600868807539650745087 [ 0.  0.  0. -1. -1. -1.  1. -1.  0.  1.  0.  1.  0. -1.  0.  1.  0.]
0.0000035319675021669962329897227956328923856775313515992248822351989939514226354600868807539651044714 [ 0.  0.  0.  1. -1. -1.  1. -1.  0.  1.  0.  1.  0. -1.  0.  1. -1.]
0.0000038474348253577592641693302199699866550103118256595947606038205366676525290067867700312415633949 [ 0. -1.  1.  0. -1.  1.  1.  1.  0. -1. -1. -1.  1. -1.  0.  1.  0.]
0.0000039910829957884064739335680042141702410050338489776121256441565726747608570437197947226072945686 [ 0.  0.  1.  0.  0. -1.  0.  1. -1.  0.  0. -1.  0.  0. -1.  1.  1.]
0.0000044610741846366809450324829363460184906819750626050041201929865409752798978863179049512907848859 [ 0.  1.  1. -1. -1.  0. -1.  1.  0. -1. -1.  1.  1.  0. -1.  1.  0.]
0.0000044610741846366809450324829363460184906819750626050041201929865409752798978863179049512908148486 [ 0.  1.  1.  1. -1.  0. -1.  1.  0. -1. -1.  1.  1.  0. -1.  1. -1.]
0.0000044621293978802889257217332462481979656650130375305516695549701706837077999889045604722195495294 [ 0.  0. -1.  0. -1.  1.  1. -1.  1.  1.  0.  1. -1.  1. -1. -1.  0.]


17 : 
0.0000002146260287681002315527174467369004422125764834562989254881826245907696507896599763159795827581904627178113100229095404158717468021296070132408164136924828211534061760596224997723098471461231101653797238791544519456451317912841698688993987924143385743344458404688747546494165871745498307224547669388051578724904205831370422261419570854146826297436355283075332281841881594314270013304020940992939279011411402407091989043053721235252695048802082894279340225104314357997614049981855900896337612652327514 [ 0.  0.  1.  0.  1. -1. -1.  0. -1.  0. -1.  1.  1.  0. -1.  1.  0.]
0.0000002277136635122693789869437319164197741594602473481043150207856772318620218244741843476385351958935237267398056308415601766353513185160515869306230856570584825273308557917319239453437509052785217766909200856248485858781892129120410474281886270185447675022561305661113062455223828748762039683604821768112266377418758989749313890616622938484069911799959714369591363527113841033347584595704623323884701220276859176276543224351602203191399709782757646828732641391121611720396139353761524568639204804274598 [ 1. -1. -1.  1.  0.  0. -1.  1.  0.  1.  0. -1. -1.  0.  1.  0.  0.]
0.00000022771366351226937898694373191641977415946024734810431502078567723186202182447418434763853519589352372673980563084156017663535131851605158693062308565705848252733085579173192394534375090527852177669092008562484858587818921291204104742818862701854476750225613056611130624552238287487620396836048217681122663774187589897493138906166229384840699117999597143695913635271138410333475845957046233238847012202768591762765432243516022031913997097827576468287326413911216117203961393537615245686392048044696755 [-1. -1. -1. -1.  0.  1. -1.  1.  0.  1.  0. -1. -1.  0.  1.  0.  1.]
0.00000095702373594211288960322480943412072666897459569276713958175492837943608932256359810488803814185118800364431151238053696583138997660634840134959510753772629968491275694788672488371278001584297514071974074736918116859469229476802497215067801352506811397907911901871432995685836033491434998356508447329347736842816005532543800034954587150140062191017834075681283644842873749880814765656465133575545507463507001302800327447982601683661110822689179512865223216393330413663257164656553777537256688680426928 [-1. -1.  0.  0. -1.  1. -1. -1.  1.  0. -1.  0. -1.  1.  1.  1.  0.]
0.00000095702373594211288960322480943412072666897459569276713958175492837943608932256359810488803814185118800364431151238053696583138997660634840134959510753772629968491275694788672488371278001584297514071974074736918116859469229476802497215067801352506811397907911901871432995685836033491434998356508447329347736842816005532543800034954587150140062191017834075681283644842873749880814765656465133575545507463507001302800327447982601683661110822689179512865223216393330413663257164656553777537256688684328478 [ 1. -1.  0.  0. -1.  0. -1. -1.  1.  0. -1.  0. -1.  1.  1.  1.  0.]
0.0000015740123413052778605948746589090598488694390499920898337154130220599951263142549240924343084383372924124379351838430199209110500589048010789303876310588302792176417152616909839174183604169239830045073704270636865082281163309984144188959612010780557117120292247175187183231802661648285080043077718312099986541371358510373110285877949228060580450509291855160327837316818198604393645313522200705118281916334363916828171721783250965871142745094392124959035801040731253610024487039715818444948864998031946 [-1.  0. -1.  1.  1. -1.  1.  0.  1.  1. -1.  1.  0. -1. -1.  1. -1.]
0.0000020349918927848053774188154505458394007145969459727330829947800875181283478733909963045906459325179424378195007670813601379652869784796566370030373915777185764259528452457104319261498670076332146096433896904442882364745867270340745892367965838143723019248929819326646534839875952954379977761918395002695368049908394307974180613076995786472066047292065373728714140356190785574476176191948587954689065875573607766351132494155467217984795652433002474943680801050734008334317036260519142022770472145414208 [ 1.  1. -1. -1.  0.  1.  1. -1.  0.  1.  0. -1.  1.  1.  0. -1. -1.]
0.0000035319675021669962329897227956328923856775313515992248822351989939514226354600868807539650803495020566417914935957072463397444846604645812877926262335071998101113763882560595643470289528374102748757950311071361713292087002068587450232639961120868111549073112863855663522145212198629962196048455736297826574970529833900008877389019064371074100925443978401972797496685797601264462712996865704899832418088165297704898476274334403157480308932924404729771488872217692253822113784779862282254122342357190685 [ 0.  0.  0.  1. -1. -1.  1. -1.  0.  1.  0.  1.  0. -1.  0.  1. -1.]
0.0000038474348253577592641693302199699866550103118256595947606038205366676525290067867700312415451489868999334795712948854172315543908284861144009014905743403661957596046854660087809875788817816957845514531102162301981382028964095097505968612319138239350229584990456624516950424470710691770676802200219959582929718349161979804411319096914090882270173962700295040106997242304233641343748669486078337632555465794755445782124941455182256308211031942370157852179919583126165708192331864420171227542911038099257 [ 0. -1.  1.  0. -1.  1.  1.  1.  0. -1. -1. -1.  1. -1.  0.  1.  0.]
0.0000039910829957884064739335680042141702410050338489776121256441565726747608570437197947226072709609485026876126555999573416186926123254002652697353656654808082468900027268981009566664937919457221131834466267483915002845039098991049203265063567427893462052490102745459919831782825711487110893964275772025935039947555406580416096301205306737875676845078488128206473985051989306816545593275803776531912642800098912938171360299801069357978122090324848777522128394445390334899977863293081174066294311832053557 [ 0.  0.  1.  0.  0. -1.  0.  1. -1.  0.  0. -1.  0.  0. -1.  1.  1.]
0.0000044610741846366809450324829363460184906819750626050041201929865409752798978863179049512907888203669284449307712240958136605227461547155086467314987684932123089248071181552551900227561934548164831891568458485712954928853724016201325962739382697732257733809254069227247133326453802506442487478733898201934728855341378281399656656736293648984738904731737984102374784765194186378572244546549167141854911218207819287005387071278922287980886020538422541239463700251112933452462901304384520389256697348177256 [ 0.  1.  1. -1. -1.  0. -1.  1.  0. -1. -1.  1.  1.  0. -1.  1.  0.]
0.0000044610741846366809450324829363460184906819750626050041201929865409752798978863179049512907888203669284449307712240958136605227461547155086467314987684932123089248071181552551900227561934548164831891568458485712954928853724016201325962739382697732257733809254069227247133326453802506442487478733898201934728855341378281399656656736293648984738904731737984102374784765194186378572244546549167141854911218207819287005387071278922287980886020538422541239463700251112933452462901304384520389256697348567411 [ 0.  1.  1.  1. -1.  0. -1.  1.  0. -1. -1.  1.  1.  0. -1.  1. -1.]
0.0000044621293978802889257217332462481979656650130375305516695549701706837077999889045604722195599998247108001589616601711120052424177308139928543680447294971874380382043117166870876434136244814651945153069229377234072399193063208184405418843017159012092717366265193624777662779263898122506676321193511795782670867694619728814732138357482579875804474566134053201348707330255513261718199955129841927563866646973342597764097413640035678343081084962627273967628389019534372880807155619461465218567563673115475 [ 0.  0. -1.  0. -1.  1.  1. -1.  1.  1.  0.  1. -1.  1. -1. -1.  0.]


