5 : 
0.09184608836901864 [ 1. -1. -1.  0.  1.]
0.10441547991239375 [-1.  1.  1. -1.  0.]
0.12157567691436988 [-1.  1.  0.  1. -1.]
0.19626156828141283 [ 0.  0.  0. -1.  1.]
0.21342176528338808 [ 0.  0. -1.  1.  0.]


5 : 
0.091846088369018649366684467612 [ 1. -1. -1.  0.  1.]
0.104415479912393842937647211321 [-1.  1.  1. -1.  0.]
0.121575676914369752421425938363 [-1.  1.  0.  1. -1.]
0.196261568281412492304331678933 [ 0.  0.  0. -1.  1.]
0.213421765283388401788110405975 [ 0.  0. -1.  1.  0.]


12 : 
7.6294e-5 [ 1.  1. -1. -1.  1.  1.  1.  0. -1. -1. -1.  1.]
0.00012207 [ 1. -1.  1.  1.  1. -1.  1.  0. -1. -1.  0.  0.]
0.00015259 [ 1.  1.  1.  1. -1.  1.  1. -1. -1.  1. -1. -1.]
0.00016785 [ 0.  0. -1.  0. -1. -1.  1. -1.  0.  1.  0.  1.]
0.00018311 [-1.  0. -1.  0.  0. -1.  1.  1.  0.  0.  0.  0.]
0.00024414 [ 0.  1. -1.  0.  1.  1.  1.  0.  1. -1. -1. -1.]
0.00030518 [ 0. -1. -1. -1. -1. -1. -1.  1.  0.  1.  1.  1.]
0.00035095 [ 1.  0. -1. -1.  0.  1. -1.  0.  1.  0.  0.  0.]
0.00047302 [ 0. -1.  0.  0.  1.  1.  0.  0.  0. -1.  0.  0.]
0.00056458 [ 0.  1.  0.  0.  0. -1. -1.  0. -1.  1.  0.  1.]


12 : 
7.62939e-5 [ 1.  1. -1. -1.  1.  1.  1.  0. -1. -1. -1.  1.]
0.000112534 [-1. -1.  1.  1.  1.  0.  1.  0. -1. -1.  0.  0.]
0.000114441 [ 1. -1.  1.  1.  1. -1.  1.  0. -1. -1.  0.  0.]
0.000164032 [ 1.  1.  1.  1. -1.  1.  1. -1. -1.  1. -1. -1.]
0.000169754 [ 0.  0. -1.  0. -1. -1.  1. -1.  0.  1.  0.  1.]
0.00019455 [-1.  0. -1.  0.  0. -1.  1.  1.  0.  0.  0.  0.]
0.000244141 [ 0.  1. -1.  0.  1.  1.  1.  0.  1. -1. -1. -1.]
0.000305176 [ 0. -1. -1. -1. -1. -1. -1.  1.  0.  1.  1.  1.]
0.000356674 [ 1.  0. -1. -1.  0.  1. -1.  0.  1.  0.  0.  0.]
0.000470161 [ 0. -1.  0.  0.  1.  1.  0.  0.  0. -1.  0.  0.]
0.000556946 [ 0.  1.  0.  0.  0. -1. -1.  0. -1.  1.  0.  1.]


12 : 
7.653236e-5 [ 1.  1. -1. -1.  1.  1.  1.  0. -1. -1. -1.  1.]
0.0001136065 [ 1. -1.  1.  1.  1. -1.  1.  0. -1. -1.  0.  0.]
0.0001678467 [ 1.  1.  1.  1. -1.  1.  1. -1. -1.  1. -1. -1.]
0.0001695156 [ 0.  0. -1.  0. -1. -1.  1. -1.  0.  1.  0.  1.]
0.0001937747 [-1.  0. -1.  0.  0. -1.  1.  1.  0.  0.  0.  0.]
0.000243783 [ 0.  1. -1.  0.  1.  1.  1.  0.  1. -1. -1. -1.]
0.0003050566 [ 1.  0.  1.  0. -1.  1. -1.  1. -1.  1.  0. -1.]
0.0003066063 [ 0. -1. -1. -1. -1. -1. -1.  1.  0.  1.  1.  1.]
0.000356555 [ 1.  0. -1. -1.  0.  1. -1.  0.  1.  0.  0.  0.]
0.0004702806 [ 0. -1.  0.  0.  1.  1.  0.  0.  0. -1.  0.  0.]
0.0005577803 [ 0.  1.  0.  0.  0. -1. -1.  0. -1.  1.  0.  1.]


12 : 
7.635355e-5 [ 1.  1. -1. -1.  1.  1.  1.  0. -1. -1. -1.  1.]
0.00011365116 [ 1. -1.  1.  1.  1. -1.  1.  0. -1. -1.  0.  0.]
0.00016790628 [ 1.  1.  1.  1. -1.  1.  1. -1. -1.  1. -1. -1.]
0.00016945601 [ 0.  0. -1.  0. -1. -1.  1. -1.  0.  1.  0.  1.]
0.00019378215 [-1.  0. -1.  0.  0. -1.  1.  1.  0.  0.  0.  0.]
0.0002438426 [ 0.  1. -1.  0.  1.  1.  1.  0.  1. -1. -1. -1.]
0.00030496716 [ 1.  0.  1.  0. -1.  1. -1.  1. -1.  1.  0. -1.]
0.00030651689 [ 0. -1. -1. -1. -1. -1. -1.  1.  0.  1.  1.  1.]
0.00035657734 [ 1.  0. -1. -1.  0.  1. -1.  0.  1.  0.  0.  0.]
0.00047023594 [ 0. -1.  0.  0.  1.  1.  0.  0.  0. -1.  0.  0.]
0.00055776536 [ 0.  1.  0.  0.  0. -1. -1.  0. -1.  1.  0.  1.]


12 : 
7.63628632e-5 [ 1.  1. -1. -1.  1.  1.  1.  0. -1. -1. -1.  1.]
0.000113658607 [ 1. -1.  1.  1.  1. -1.  1.  0. -1. -1.  0.  0.]
0.00011366047 [-1. -1.  1.  1.  1.  0.  1.  0. -1. -1.  0.  0.]
0.00016791746 [ 1.  1.  1.  1. -1.  1.  1. -1. -1.  1. -1. -1.]
0.000169467181 [ 0.  0. -1.  0. -1. -1.  1. -1.  0.  1.  0.  1.]
0.000193786807 [-1.  0. -1.  0.  0. -1.  1.  1.  0.  0.  0.  0.]
0.000243846327 [ 0.  1. -1.  0.  1.  1.  1.  0.  1. -1. -1. -1.]
0.000304969028 [ 1.  0.  1.  0. -1.  1. -1.  1. -1.  1.  0. -1.]
0.000306524336 [ 0. -1. -1. -1. -1. -1. -1.  1.  0.  1.  1.  1.]
0.000356581993 [ 1.  0. -1. -1.  0.  1. -1.  0.  1.  0.  0.  0.]
0.0004702406 [ 0. -1.  0.  0.  1.  1.  0.  0.  0. -1.  0.  0.]
0.000557759777 [ 0.  1.  0.  0.  0. -1. -1.  0. -1.  1.  0.  1.]


12 : 
7.636286318e-5 [ 1.  1. -1. -1.  1.  1.  1.  0. -1. -1. -1.  1.]
0.0001136594219 [ 1. -1.  1.  1.  1. -1.  1.  0. -1. -1.  0.  0.]
0.0001679132693 [ 1.  1.  1.  1. -1.  1.  1. -1. -1.  1. -1. -1.]
0.0001694688108 [ 0.  0. -1.  0. -1. -1.  1. -1.  0.  1.  0.  1.]
0.000193785876 [-1.  0. -1.  0.  0. -1.  1.  1.  0.  0.  0.  0.]
0.0002438428346 [ 0.  1. -1.  0.  1.  1.  1.  0.  1. -1. -1. -1.]
0.0003049694933 [ 1.  0.  1.  0. -1.  1. -1.  1. -1.  1.  0. -1.]
0.0003065251512 [ 0. -1. -1. -1. -1. -1. -1.  1.  0.  1.  1.  1.]
0.000356582168 [ 1.  0. -1. -1.  0.  1. -1.  0.  1.  0.  0.  0.]
0.0004702414735 [ 0. -1.  0.  0.  1.  1.  0.  0.  0. -1.  0.  0.]
0.0005577596603 [ 0.  1.  0.  0.  0. -1. -1.  0. -1.  1.  0.  1.]


12 : 
7.6362804975e-5 [ 1.  1. -1. -1.  1.  1.  1.  0. -1. -1. -1.  1.]
0.00011365934915 [ 1. -1.  1.  1.  1. -1.  1.  0. -1. -1.  0.  0.]
0.00016791321104 [ 1.  1.  1.  1. -1.  1.  1. -1. -1.  1. -1. -1.]
0.00016946888354 [ 0.  0. -1.  0. -1. -1.  1. -1.  0.  1.  0.  1.]
0.00019378589786 [-1.  0. -1.  0.  0. -1.  1.  1.  0.  0.  0.  0.]
0.00024384292192 [ 0.  1. -1.  0.  1.  1.  1.  0.  1. -1. -1. -1.]
0.00030496943509 [ 1.  0.  1.  0. -1.  1. -1.  1. -1.  1.  0. -1.]
0.00030652513669 [ 0. -1. -1. -1. -1. -1. -1.  1.  0.  1.  1.  1.]
0.00035658213892 [ 1.  0. -1. -1.  0.  1. -1.  0.  1.  0.  0.  0.]
0.00047024146625 [ 0. -1.  0.  0.  1.  1.  0.  0.  0. -1.  0.  0.]
0.00055775957298 [ 0.  1.  0.  0.  0. -1. -1.  0. -1.  1.  0.  1.]


12 : 
7.63628140703e-5 [ 1.  1. -1. -1.  1.  1.  1.  0. -1. -1. -1.  1.]
0.000113659334602 [ 1. -1.  1.  1.  1. -1.  1.  0. -1. -1.  0.  0.]
0.000167913207406 [ 1.  1.  1.  1. -1.  1.  1. -1. -1.  1. -1. -1.]
0.000169468894455 [ 0.  0. -1.  0. -1. -1.  1. -1.  0.  1.  0.  1.]
0.00019378590514 [-1.  0. -1.  0.  0. -1.  1.  1.  0.  0.  0.  0.]
0.000243842914642 [ 0.  1. -1.  0.  1.  1.  1.  0.  1. -1. -1. -1.]
0.000304969435092 [ 1.  0.  1.  0. -1.  1. -1.  1. -1.  1.  0. -1.]
0.00030652512396 [ 0. -1. -1. -1. -1. -1. -1.  1.  0.  1.  1.  1.]
0.000356582131644 [ 1.  0. -1. -1.  0.  1. -1.  0.  1.  0.  0.  0.]
0.000470241467156 [ 0. -1.  0.  0.  1.  1.  0.  0.  0. -1.  0.  0.]
0.00055775958208 [ 0.  1.  0.  0.  0. -1. -1.  0. -1.  1.  0.  1.]


12 : 
7.636281043233e-5 [ 1.  1. -1. -1.  1.  1.  1.  0. -1. -1. -1.  1.]
0.0001136593360798 [ 1. -1.  1.  1.  1. -1.  1.  0. -1. -1.  0.  0.]
0.0001679132042227 [ 1.  1.  1.  1. -1.  1.  1. -1. -1.  1. -1. -1.]
0.0001694688938869 [ 0.  0. -1.  0. -1. -1.  1. -1.  0.  1.  0.  1.]
0.0001937859047416 [-1.  0. -1.  0.  0. -1.  1.  1.  0.  0.  0.  0.]
0.0002438429131644 [ 0.  1. -1.  0.  1.  1.  1.  0.  1. -1. -1. -1.]
0.0003049694337278 [ 1.  0.  1.  0. -1.  1. -1.  1. -1.  1.  0. -1.]
0.000306525123392 [ 0. -1. -1. -1. -1. -1. -1.  1.  0.  1.  1.  1.]
0.0003565821319285 [ 1.  0. -1. -1.  0.  1. -1.  0.  1.  0.  0.  0.]
0.0004702414680082 [ 0. -1.  0.  0.  1.  1.  0.  0.  0. -1.  0.  0.]
0.0005577595819659 [ 0.  1.  0.  0.  0. -1. -1.  0. -1.  1.  0.  1.]


12 : 
7.6362810474961e-5 [ 1.  1. -1. -1.  1.  1.  1.  0. -1. -1. -1.  1.]
0.00011365933602292 [-1. -1.  1.  1.  1.  0.  1.  0. -1. -1.  0.  0.]
0.00011365933605134 [ 1. -1.  1.  1.  1. -1.  1.  0. -1. -1.  0.  0.]
0.00016791320439324 [ 1.  1.  1.  1. -1.  1.  1. -1. -1.  1. -1. -1.]
0.00016946889401481 [ 0.  0. -1.  0. -1. -1.  1. -1.  0.  1.  0.  1.]
0.00019378590469898 [-1.  0. -1.  0.  0. -1.  1.  1.  0.  0.  0.  0.]
0.00024384291322121 [ 0.  1. -1.  0.  1.  1.  1.  0.  1. -1. -1. -1.]
0.00030496943379887 [ 1.  0.  1.  0. -1.  1. -1.  1. -1.  1.  0. -1.]
0.00030652512342044 [ 0. -1. -1. -1. -1. -1. -1.  1.  0.  1.  1.  1.]
0.00035658213192846 [ 1.  0. -1. -1.  0.  1. -1.  0.  1.  0.  0.  0.]
0.00047024146796559 [ 0. -1.  0.  0.  1.  1.  0.  0.  0. -1.  0.  0.]
0.00055775958193749 [ 0.  1.  0.  0.  0. -1. -1.  0. -1.  1.  0.  1.]


12 : 
7.63628104820668e-5 [ 1.  1. -1. -1.  1.  1.  1.  0. -1. -1. -1.  1.]
0.000113659336035354 [-1. -1.  1.  1.  1.  0.  1.  0. -1. -1.  0.  0.]
0.000113659336037131 [ 1. -1.  1.  1.  1. -1.  1.  0. -1. -1.  0.  0.]
0.000167913204396797 [ 1.  1.  1.  1. -1.  1.  1. -1. -1.  1. -1. -1.]
0.000169468894009484 [ 0.  0. -1.  0. -1. -1.  1. -1.  0.  1.  0.  1.]
0.000193785904704313 [-1.  0. -1.  0.  0. -1.  1.  1.  0.  0.  0.  0.]
0.000243842913219439 [ 0.  1. -1.  0.  1.  1.  1.  0.  1. -1. -1. -1.]
0.000304969433795321 [ 1.  0.  1.  0. -1.  1. -1.  1. -1.  1.  0. -1.]
0.000306525123413337 [ 0. -1. -1. -1. -1. -1. -1.  1.  0.  1.  1.  1.]
0.000356582131928462 [ 1.  0. -1. -1.  0.  1. -1.  0.  1.  0.  0.  0.]
0.000470241467962929 [ 0. -1.  0.  0.  1.  1.  0.  0.  0. -1.  0.  0.]
0.000557759581919726 [ 0.  1.  0.  0.  0. -1. -1.  0. -1.  1.  0.  1.]


12 : 
7.636281047784799e-5 [ 1.  1. -1. -1.  1.  1.  1.  0. -1. -1. -1.  1.]
0.0001136593360344662 [ 1. -1.  1.  1.  1. -1.  1.  0. -1. -1.  0.  0.]
0.0001136593360346883 [-1. -1.  1.  1.  1.  0.  1.  0. -1. -1.  0.  0.]
0.0001679132043936882 [ 1.  1.  1.  1. -1.  1.  1. -1. -1.  1. -1. -1.]
0.0001694688940112599 [ 0.  0. -1.  0. -1. -1.  1. -1.  0.  1.  0.  1.]
0.0001937859047044244 [-1.  0. -1.  0.  0. -1.  1.  1.  0.  0.  0.  0.]
0.0002438429132178843 [ 0.  1. -1.  0.  1.  1.  1.  0.  1. -1. -1. -1.]
0.0003049694337959874 [ 1.  0.  1.  0. -1.  1. -1.  1. -1.  1.  0. -1.]
0.0003065251234137811 [ 0. -1. -1. -1. -1. -1. -1.  1.  0.  1.  1.  1.]
0.0003565821319273521 [ 1.  0. -1. -1.  0.  1. -1.  0.  1.  0.  0.  0.]
0.0004702414679620404 [ 0. -1.  0.  0.  1.  1.  0.  0.  0. -1.  0.  0.]
0.0005577595819206138 [ 0.  1.  0.  0.  0. -1. -1.  0. -1.  1.  0.  1.]


12 : 
7.6362810477542675e-5 [ 1.  1. -1. -1.  1.  1.  1.  0. -1. -1. -1.  1.]
0.00011365933603470213 [ 1. -1.  1.  1.  1. -1.  1.  0. -1. -1.  0.  0.]
0.00016791320439377144 [ 1.  1.  1.  1. -1.  1.  1. -1. -1.  1. -1. -1.]
0.00016946889401103782 [ 0.  0. -1.  0. -1. -1.  1. -1.  0.  1.  0.  1.]
0.00019378590470434109 [-1.  0. -1.  0.  0. -1.  1.  1.  0.  0.  0.  0.]
0.00024384291321807861 [ 0.  1. -1.  0.  1.  1.  1.  0.  1. -1. -1. -1.]
0.00030496943379632047 [ 1.  0.  1.  0. -1.  1. -1.  1. -1.  1.  0. -1.]
0.00030652512341355909 [ 0. -1. -1. -1. -1. -1. -1.  1.  0.  1.  1.  1.]
0.00035658213192731048 [ 1.  0. -1. -1.  0.  1. -1.  0.  1.  0.  0.  0.]
0.0004702414679620126 [ 0. -1.  0.  0.  1.  1.  0.  0.  0. -1.  0.  0.]
0.00055775958192050279 [ 0.  1.  0.  0.  0. -1. -1.  0. -1.  1.  0.  1.]


12 : 
0.000076362810477556553 [ 1.  1. -1. -1.  1.  1.  1.  0. -1. -1. -1.  1.]
0.000113659336034695191 [ 1. -1.  1.  1.  1. -1.  1.  0. -1. -1.  0.  0.]
0.000113659336034696926 [-1. -1.  1.  1.  1.  0.  1.  0. -1. -1.  0.  0.]
0.000167913204393781851 [ 1.  1.  1.  1. -1.  1.  1. -1. -1.  1. -1. -1.]
0.000169468894011034349 [ 0.  0. -1.  0. -1. -1.  1. -1.  0.  1.  0.  1.]
0.000193785904704338492 [-1.  0. -1.  0.  0. -1.  1.  1.  0.  0.  0.  0.]
0.000243842913218090748 [ 0.  1. -1.  0.  1.  1.  1.  0.  1. -1. -1. -1.]
0.000304969433796310058 [ 1.  0.  1.  0. -1.  1. -1.  1. -1.  1.  0. -1.]
0.000306525123413562556 [ 0. -1. -1. -1. -1. -1. -1.  1.  0.  1.  1.  1.]
0.000356582131927313944 [ 1.  0. -1. -1.  0.  1. -1.  0.  1.  0.  0.  0.]
0.000470241467962009135 [ 0. -1.  0.  0.  1.  1.  0.  0.  0. -1.  0.  0.]
0.000557759581920506259 [ 0.  1.  0.  0.  0. -1. -1.  0. -1.  1.  0.  1.]


12 : 
0.00007636281047755373412 [ 1.  1. -1. -1.  1.  1.  1.  0. -1. -1. -1.  1.]
0.0001136593360346960582 [ 1. -1.  1.  1.  1. -1.  1.  0. -1. -1.  0.  0.]
0.0001679132043937840192 [ 1.  1.  1.  1. -1.  1.  1. -1. -1.  1. -1. -1.]
0.0001694688940110339152 [ 0.  0. -1.  0. -1. -1.  1. -1.  0.  1.  0.  1.]
0.0001937859047043384922 [-1.  0. -1.  0.  0. -1.  1.  1.  0.  0.  0.  0.]
0.0002438429132180894472 [ 0.  1. -1.  0.  1.  1.  1.  0.  1. -1. -1. -1.]
0.0003049694337963120092 [ 1.  0.  1.  0. -1.  1. -1.  1. -1.  1.  0. -1.]
0.0003065251234135616884 [ 0. -1. -1. -1. -1. -1. -1.  1.  0.  1.  1.  1.]
0.0003565821319273129687 [ 1.  0. -1. -1.  0.  1. -1.  0.  1.  0.  0.  0.]
0.0004702414679620090269 [ 0. -1.  0.  0.  1.  1.  0.  0.  0. -1.  0.  0.]
0.0005577595819205062588 [ 0.  1.  0.  0.  0. -1. -1.  0. -1.  1.  0.  1.]


17 : 
1.5259e-5 [ 1.  0.  0. -1.  0.  0.  0.  1.  1.  1.  1. -1.  0. -1.  0. -1.  0.]


17 : 
1.90735e-6 [ 0.  0.  1.  0.  0. -1.  0.  1. -1.  0.  0. -1.  0.  0. -1.  1.  1.]
3.8147e-6 [-1.  0. -1.  1.  1. -1.  1.  0.  1.  1. -1.  1.  0. -1. -1.  1. -1.]
5.72205e-6 [ 1.  0.  0. -1.  0.  1.  1.  0.  1.  0. -1.  0.  0. -1.  1. -1.  0.]


17 : 
2.384186e-7 [-1. -1. -1. -1.  0.  1. -1.  1.  0.  1.  0. -1. -1.  0.  1.  0.  1.]
9.536743e-7 [ 1. -1.  0.  0. -1.  0. -1. -1.  1.  0. -1.  0. -1.  1.  1.  1.  0.]
1.192093e-6 [-1. -1.  0.  0. -1.  1. -1. -1.  1.  0. -1.  0. -1.  1.  1.  1.  0.]
1.66893e-6 [-1.  0. -1.  1.  1. -1.  1.  0.  1.  1. -1.  1.  0. -1. -1.  1. -1.]
2.145767e-6 [ 1.  1. -1. -1.  0.  1.  1. -1.  0.  1.  0. -1.  1.  1.  0. -1. -1.]
3.457069e-6 [ 0.  0.  0. -1. -1. -1.  1. -1.  0.  1.  0.  1.  0. -1.  0.  1.  0.]
3.576279e-6 [ 0. -1.  1.  0. -1.  1.  1.  1.  0. -1. -1. -1.  1. -1.  0.  1.  0.]
3.933907e-6 [ 0.  0.  1.  0.  0. -1.  0.  1. -1.  0.  0. -1.  0.  0. -1.  1.  1.]
4.291534e-6 [ 0.  1.  1. -1. -1.  0. -1.  1.  0. -1. -1.  1.  1.  0. -1.  1.  0.]
4.529953e-6 [ 0.  1.  1.  1. -1.  0. -1.  1.  0. -1. -1.  1.  1.  0. -1.  1. -1.]


17 : 
2.0861626e-7 [ 0.  0.  1.  0.  1. -1. -1.  0. -1.  0. -1.  1.  1.  0. -1.  1.  0.]
2.3841858e-7 [-1. -1. -1. -1.  0.  1. -1.  1.  0.  1.  0. -1. -1.  0.  1.  0.  1.]
9.5367432e-7 [ 1. -1.  0.  0. -1.  0. -1. -1.  1.  0. -1.  0. -1.  1.  1.  1.  0.]
9.8347664e-7 [-1. -1.  0.  0. -1.  1. -1. -1.  1.  0. -1.  0. -1.  1.  1.  1.  0.]
1.5497208e-6 [-1.  0. -1. -1.  1. -1.  1.  0.  1.  1. -1.  1.  0. -1. -1.  1.  0.]
1.5795231e-6 [-1.  0. -1.  1.  1. -1.  1.  0.  1.  1. -1.  1.  0. -1. -1.  1. -1.]
2.0563602e-6 [ 1.  1. -1. -1.  0.  1.  1. -1.  0.  1.  0. -1.  1.  1.  0. -1. -1.]
3.516674e-6 [ 0.  0.  0.  1. -1. -1.  1. -1.  0.  1.  0.  1.  0. -1.  0.  1. -1.]
3.5315752e-6 [ 0.  0.  0. -1. -1. -1.  1. -1.  0.  1.  0.  1.  0. -1.  0.  1.  0.]
3.8444996e-6 [ 0. -1.  1.  0. -1.  1.  1.  1.  0. -1. -1. -1.  1. -1.  0.  1.  0.]
3.9935112e-6 [ 0.  0.  1.  0.  0. -1.  0.  1. -1.  0.  0. -1.  0.  0. -1.  1.  1.]
4.440546e-6 [ 0.  1.  1.  1. -1.  0. -1.  1.  0. -1. -1.  1.  1.  0. -1.  1. -1.]


17 : 
2.16066837e-7 [ 0.  0.  1.  0.  1. -1. -1.  0. -1.  0. -1.  1.  1.  0. -1.  1.  0.]
2.27242708e-7 [-1. -1. -1. -1.  0.  1. -1.  1.  0.  1.  0. -1. -1.  0.  1.  0.  1.]
2.29105353e-7 [ 1. -1. -1.  1.  0.  0. -1.  1.  0.  1.  0. -1. -1.  0.  1.  0.  0.]
9.57399607e-7 [-1. -1.  0.  0. -1.  1. -1. -1.  1.  0. -1.  0. -1.  1.  1.  1.  0.]
1.5757978e-6 [-1.  0. -1. -1.  1. -1.  1.  0.  1.  1. -1.  1.  0. -1. -1.  1.  0.]
1.57952309e-6 [-1.  0. -1.  1.  1. -1.  1.  0.  1.  1. -1.  1.  0. -1. -1.  1. -1.]
2.0340085e-6 [ 1.  1. -1. -1.  0.  1.  1. -1.  0.  1.  0. -1.  1.  1.  0. -1. -1.]
3.5315752e-6 [ 0.  0.  0. -1. -1. -1.  1. -1.  0.  1.  0.  1.  0. -1.  0.  1.  0.]
3.53530049e-6 [ 0.  0.  0.  1. -1. -1.  1. -1.  0.  1.  0.  1.  0. -1.  0.  1. -1.]
3.84822488e-6 [ 0. -1.  1.  0. -1.  1.  1.  1.  0. -1. -1. -1.  1. -1.  0.  1.  0.]
3.98978591e-6 [ 0.  0.  1.  0.  0. -1.  0.  1. -1.  0.  0. -1.  0.  0. -1.  1.  1.]
4.45917249e-6 [ 0.  0. -1.  0. -1.  1.  1. -1.  1.  1.  0.  1. -1.  1. -1. -1.  0.]
4.46289778e-6 [ 0.  1.  1.  1. -1.  0. -1.  1.  0. -1. -1.  1.  1.  0. -1.  1. -1.]


17 : 
2.146698534e-7 [ 0.  0.  1.  0.  1. -1. -1.  0. -1.  0. -1.  1.  1.  0. -1.  1.  0.]
2.274755388e-7 [-1. -1. -1.  1.  0.  1. -1.  1.  0.  1.  0. -1. -1.  0.  1.  0.  0.]
2.275919542e-7 [ 1. -1. -1.  1.  0.  0. -1.  1.  0.  1.  0. -1. -1.  0.  1.  0.  0.]
2.277083695e-7 [-1. -1. -1. -1.  0.  1. -1.  1.  0.  1.  0. -1. -1.  0.  1.  0.  1.]
9.569339454e-7 [ 1. -1.  0.  0. -1.  0. -1. -1.  1.  0. -1.  0. -1.  1.  1.  1.  0.]
9.571667761e-7 [-1. -1.  0.  0. -1.  1. -1. -1.  1.  0. -1.  0. -1.  1.  1.  1.  0.]
1.573935151e-6 [-1.  0. -1. -1.  1. -1.  1.  0.  1.  1. -1.  1.  0. -1. -1.  1.  0.]
1.574167982e-6 [-1.  0. -1.  1.  1. -1.  1.  0.  1.  1. -1.  1.  0. -1. -1.  1. -1.]
2.035172656e-6 [ 1.  1. -1. -1.  0.  1.  1. -1.  0.  1.  0. -1.  1.  1.  0. -1. -1.]
3.532040864e-6 [ 0.  0.  0.  1. -1. -1.  1. -1.  0.  1.  0.  1.  0. -1.  0.  1. -1.]
3.847293556e-6 [ 0. -1.  1.  0. -1.  1.  1.  1.  0. -1. -1. -1.  1. -1.  0.  1.  0.]
3.990950063e-6 [ 0.  0.  1.  0.  0. -1.  0.  1. -1.  0.  0. -1.  0.  0. -1.  1.  1.]
4.461035132e-6 [ 0.  1.  1.  1. -1.  0. -1.  1.  0. -1. -1.  1.  1.  0. -1.  1. -1.]
4.461966455e-6 [ 0.  0. -1.  0. -1.  1.  1. -1.  1.  1.  0.  1. -1.  1. -1. -1.  0.]


17 : 
2.1464074962e-7 [ 0.  0.  1.  0.  1. -1. -1.  0. -1.  0. -1.  1.  1.  0. -1.  1.  0.]
2.2770836949e-7 [-1. -1. -1. -1.  0.  1. -1.  1.  0.  1.  0. -1. -1.  0.  1.  0.  1.]
2.2772292141e-7 [ 1. -1. -1.  1.  0.  0. -1.  1.  0.  1.  0. -1. -1.  0.  1.  0.  0.]
2.2773747332e-7 [-1. -1. -1.  1.  0.  1. -1.  1.  0.  1.  0. -1. -1.  0.  1.  0.  0.]
9.5705036074e-7 [-1. -1.  0.  0. -1.  1. -1. -1.  1.  0. -1.  0. -1.  1.  1.  1.  0.]
1.5740224626e-6 [-1.  0. -1.  1.  1. -1.  1.  0.  1.  1. -1.  1.  0. -1. -1.  1. -1.]
2.0349980332e-6 [ 1.  1. -1. -1.  0.  1.  1. -1.  0.  1.  0. -1.  1.  1.  0. -1. -1.]
3.5319535527e-6 [ 0.  0.  0. -1. -1. -1.  1. -1.  0.  1.  0.  1.  0. -1.  0.  1.  0.]
3.5319826566e-6 [ 0.  0.  0.  1. -1. -1.  1. -1.  0.  1.  0.  1.  0. -1.  0.  1. -1.]
3.8474681787e-6 [ 0. -1.  1.  0. -1.  1.  1.  1.  0. -1. -1. -1.  1. -1.  0.  1.  0.]
3.991095582e-6 [ 0.  0.  1.  0.  0. -1.  0.  1. -1.  0.  0. -1.  0.  0. -1.  1.  1.]
4.4610351324e-6 [ 0.  1.  1.  1. -1.  0. -1.  1.  0. -1. -1.  1.  1.  0. -1.  1. -1.]
4.4610642362e-6 [ 0.  1.  1. -1. -1.  0. -1.  1.  0. -1. -1.  1.  1.  0. -1.  1.  0.]
4.4621119741e-6 [ 0.  0. -1.  0. -1.  1.  1. -1.  1.  1.  0.  1. -1.  1. -1. -1.  0.]


17 : 
2.14622559724e-7 [ 0.  0.  1.  0.  1. -1. -1.  0. -1.  0. -1.  1.  1.  0. -1.  1.  0.]
2.27715645451e-7 [-1. -1. -1. -1.  0.  1. -1.  1.  0.  1.  0. -1. -1.  0.  1.  0.  1.]
9.57021256909e-7 [-1. -1.  0.  0. -1.  1. -1. -1.  1.  0. -1.  0. -1.  1.  1.  1.  0.]
9.57024894888e-7 [ 1. -1.  0.  0. -1.  0. -1. -1.  1.  0. -1.  0. -1.  1.  1.  1.  0.]
1.57400791068e-6 [-1.  0. -1. -1.  1. -1.  1.  0.  1.  1. -1.  1.  0. -1. -1.  1.  0.]
1.57401154866e-6 [-1.  0. -1.  1.  1. -1.  1.  0.  1.  1. -1.  1.  0. -1. -1.  1. -1.]
2.03499439522e-6 [ 1.  1. -1. -1.  0.  1.  1. -1.  0.  1.  0. -1.  1.  1.  0. -1. -1.]
3.53196810465e-6 [ 0.  0.  0.  1. -1. -1.  1. -1.  0.  1.  0.  1.  0. -1.  0.  1. -1.]
3.84743543691e-6 [ 0. -1.  1.  0. -1.  1.  1.  1.  0. -1. -1. -1.  1. -1.  0.  1.  0.]
3.9910828491e-6 [ 0.  0.  1.  0.  0. -1.  0.  1. -1.  0.  0. -1.  0.  0. -1.  1.  1.]
4.4610715122e-6 [ 0.  1.  1. -1. -1.  0. -1.  1.  0. -1. -1.  1.  1.  0. -1.  1.  0.]
4.46107515018e-6 [ 0.  1.  1.  1. -1.  0. -1.  1.  0. -1. -1.  1.  1.  0. -1.  1. -1.]
4.46212652605e-6 [ 0.  0. -1.  0. -1.  1.  1. -1.  1.  1.  0.  1. -1.  1. -1. -1.  0.]


17 : 
2.146259703295e-7 [ 0.  0.  1.  0.  1. -1. -1.  0. -1.  0. -1.  1.  1.  0. -1.  1.  0.]
2.27713599088e-7 [-1. -1. -1. -1.  0.  1. -1.  1.  0.  1.  0. -1. -1.  0.  1.  0.  1.]
2.277138264617e-7 [ 1. -1. -1. -1.  0.  0. -1.  1.  0.  1.  0. -1. -1.  0.  1.  0.  1.]
9.570237580192e-7 [-1. -1.  0.  0. -1.  1. -1. -1.  1.  0. -1.  0. -1.  1.  1.  1.  0.]
1.574012230776e-6 [-1.  0. -1.  1.  1. -1.  1.  0.  1.  1. -1.  1.  0. -1. -1.  1. -1.]
2.034991894106e-6 [ 1.  1. -1. -1.  0.  1.  1. -1.  0.  1.  0. -1.  1.  1.  0. -1. -1.]
3.531967422532e-6 [ 0.  0.  0.  1. -1. -1.  1. -1.  0.  1.  0.  1.  0. -1.  0.  1. -1.]
3.847434982163e-6 [ 0. -1.  1.  0. -1.  1.  1.  1.  0. -1. -1. -1.  1. -1.  0.  1.  0.]
3.991082849097e-6 [ 0.  0.  1.  0.  0. -1.  0.  1. -1.  0.  0. -1.  0.  0. -1.  1.  1.]
4.461074013307e-6 [ 0.  1.  1.  1. -1.  0. -1.  1.  0. -1. -1.  1.  1.  0. -1.  1. -1.]
4.46107424068e-6 [ 0.  1.  1. -1. -1.  0. -1.  1.  0. -1. -1.  1.  1.  0. -1.  1.  0.]
4.462129481908e-6 [ 0.  0. -1.  0. -1.  1.  1. -1.  1.  1.  0.  1. -1.  1. -1. -1.  0.]


17 : 
2.1462602717293e-7 [ 0.  0.  1.  0.  1. -1. -1.  0. -1.  0. -1.  1.  1.  0. -1.  1.  0.]
2.2771365593144e-7 [-1. -1. -1. -1.  0.  1. -1.  1.  0.  1.  0. -1. -1.  0.  1.  0.  1.]
2.2771368435315e-7 [ 1. -1. -1.  1.  0.  0. -1.  1.  0.  1.  0. -1. -1.  0.  1.  0.  0.]
9.5702372959749e-7 [-1. -1.  0.  0. -1.  1. -1. -1.  1.  0. -1.  0. -1.  1.  1.  1.  0.]
9.570237580192e-7 [ 1. -1.  0.  0. -1.  0. -1. -1.  1.  0. -1.  0. -1.  1.  1.  1.  0.]
1.574012344463e-6 [-1.  0. -1.  1.  1. -1.  1.  0.  1.  1. -1.  1.  0. -1. -1.  1. -1.]
2.0349918372631e-6 [ 1.  1. -1. -1.  0.  1.  1. -1.  0.  1.  0. -1.  1.  1.  0. -1. -1.]
3.5319674793755e-6 [ 0.  0.  0.  1. -1. -1.  1. -1.  0.  1.  0.  1.  0. -1.  0.  1. -1.]
3.5319675077972e-6 [ 0.  0.  0. -1. -1. -1.  1. -1.  0.  1.  0.  1.  0. -1.  0.  1.  0.]
3.8474348400541e-6 [ 0. -1.  1.  0. -1.  1.  1.  1.  0. -1. -1. -1.  1. -1.  0.  1.  0.]
3.9910830054168e-6 [ 0.  0.  1.  0.  0. -1.  0.  1. -1.  0.  0. -1.  0.  0. -1.  1.  1.]
4.4610741838369e-6 [ 0.  1.  1. -1. -1.  0. -1.  1.  0. -1. -1.  1.  1.  0. -1.  1.  0.]
4.4610742122586e-6 [ 0.  1.  1.  1. -1.  0. -1.  1.  0. -1. -1.  1.  1.  0. -1.  1. -1.]
4.4621293682212e-6 [ 0.  0. -1.  0. -1.  1.  1. -1.  1.  1.  0.  1. -1.  1. -1. -1.  0.]


17 : 
2.14626027172926e-7 [ 0.  0.  1.  0.  1. -1. -1.  0. -1.  0. -1.  1.  1.  0. -1.  1.  0.]
2.27713663036866e-7 [-1. -1. -1. -1.  0.  1. -1.  1.  0.  1.  0. -1. -1.  0.  1.  0.  1.]
9.57023733150208e-7 [-1. -1.  0.  0. -1.  1. -1. -1.  1.  0. -1.  0. -1.  1.  1.  1.  0.]
9.57023736702922e-7 [ 1. -1.  0.  0. -1.  0. -1. -1.  1.  0. -1.  0. -1.  1.  1.  1.  0.]
1.57401233735754e-6 [-1.  0. -1.  1.  1. -1.  1.  0.  1.  1. -1.  1.  0. -1. -1.  1. -1.]
1.57401234091026e-6 [-1.  0. -1. -1.  1. -1.  1.  0.  1.  1. -1.  1.  0. -1. -1.  1.  0.]
2.0349918941065e-6 [ 1.  1. -1. -1.  0.  1.  1. -1.  0.  1.  0. -1.  1.  1.  0. -1. -1.]
3.53196750069174e-6 [ 0.  0.  0.  1. -1. -1.  1. -1.  0.  1.  0.  1.  0. -1.  0.  1. -1.]
3.53196750246809e-6 [ 0.  0.  0. -1. -1. -1.  1. -1.  0.  1.  0.  1.  0. -1.  0.  1.  0.]
3.84743482939598e-6 [ 0. -1.  1.  0. -1.  1.  1.  1.  0. -1. -1. -1.  1. -1.  0.  1.  0.]
3.99108299298234e-6 [ 0.  0.  1.  0.  0. -1.  0.  1. -1.  0.  0. -1.  0.  0. -1.  1.  1.]
4.4610741838369e-6 [ 0.  1.  1.  1. -1.  0. -1.  1.  0. -1. -1.  1.  1.  0. -1.  1. -1.]
4.46212939664292e-6 [ 0.  0. -1.  0. -1.  1.  1. -1.  1.  1.  0.  1. -1.  1. -1. -1.  0.]


17 : 
2.14626028949283e-7 [ 0.  0.  1.  0.  1. -1. -1.  0. -1.  0. -1.  1.  1.  0. -1.  1.  0.]
2.277136630368659e-7 [-1. -1. -1. -1.  0.  1. -1.  1.  0.  1.  0. -1. -1.  0.  1.  0.  1.]
2.277136634809551e-7 [ 1. -1. -1. -1.  0.  0. -1.  1.  0.  1.  0. -1. -1.  0.  1.  0.  1.]
9.570237358147438e-7 [-1. -1.  0.  0. -1.  1. -1. -1.  1.  0. -1.  0. -1.  1.  1.  1.  0.]
1.574012340910258e-6 [-1.  0. -1. -1.  1. -1.  1.  0.  1.  1. -1.  1.  0. -1. -1.  1.  0.]
1.574012341798436e-6 [-1.  0. -1.  1.  1. -1.  1.  0.  1.  1. -1.  1.  0. -1. -1.  1. -1.]
2.034991891886051e-6 [ 1.  1. -1. -1.  0.  1.  1. -1.  0.  1.  0. -1.  1.  1.  0. -1. -1.]
3.531967502024003e-6 [ 0.  0.  0.  1. -1. -1.  1. -1.  0.  1.  0.  1.  0. -1.  0.  1. -1.]
3.531967502246047e-6 [ 0.  0.  0. -1. -1. -1.  1. -1.  0.  1.  0.  1.  0. -1.  0.  1.  0.]
3.847434825399176e-6 [ 0. -1.  1.  0. -1.  1.  1.  1.  0. -1. -1. -1.  1. -1.  0.  1.  0.]
3.991082995868922e-6 [ 0.  0.  1.  0.  0. -1.  0.  1. -1.  0.  0. -1.  0.  0. -1.  1.  1.]
4.461074184280989e-6 [ 0.  1.  1. -1. -1.  0. -1.  1.  0. -1. -1.  1.  1.  0. -1.  1.  0.]
4.461074184725078e-6 [ 0.  1.  1.  1. -1.  0. -1.  1.  0. -1. -1.  1.  1.  0. -1.  1. -1.]
4.46212939797519e-6 [ 0.  0. -1.  0. -1.  1.  1. -1.  1.  1.  0.  1. -1.  1. -1. -1.  0.]


17 : 
2.1462602875499392e-7 [ 0.  0.  1.  0.  1. -1. -1.  0. -1.  0. -1.  1.  1.  0. -1.  1.  0.]
2.277136635087107e-7 [-1. -1. -1. -1.  0.  1. -1.  1.  0.  1.  0. -1. -1.  0.  1.  0.  1.]
2.2771366353646627e-7 [ 1. -1. -1. -1.  0.  0. -1.  1.  0.  1.  0. -1. -1.  0.  1.  0.  1.]
9.5702373592576606e-7 [-1. -1.  0.  0. -1.  1. -1. -1.  1.  0. -1.  0. -1.  1.  1.  1.  0.]
9.5702373595352164e-7 [ 1. -1.  0.  0. -1.  0. -1. -1.  1.  0. -1.  0. -1.  1.  1.  1.  0.]
1.5740123412710805e-6 [-1.  0. -1.  1.  1. -1.  1.  0.  1.  1. -1.  1.  0. -1. -1.  1. -1.]
2.0349918927742294e-6 [ 1.  1. -1. -1.  0.  1.  1. -1.  0.  1.  0. -1.  1.  1.  0. -1. -1.]
3.5319675021627805e-6 [ 0.  0.  0. -1. -1. -1.  1. -1.  0.  1.  0.  1.  0. -1.  0.  1.  0.]
3.5319675021905361e-6 [ 0.  0.  0.  1. -1. -1.  1. -1.  0.  1.  0.  1.  0. -1.  0.  1. -1.]
3.8474348253436652e-6 [ 0. -1.  1.  0. -1.  1.  1.  1.  0. -1. -1. -1.  1. -1.  0.  1.  0.]
3.9910829957856553e-6 [ 0.  0.  1.  0.  0. -1.  0.  1. -1.  0.  0. -1.  0.  0. -1.  1.  1.]
4.4610741846418112e-6 [ 0.  1.  1.  1. -1.  0. -1.  1.  0. -1. -1.  1.  1.  0. -1.  1. -1.]
4.4621293978641674e-6 [ 0.  0. -1.  0. -1.  1.  1. -1.  1.  1.  0.  1. -1.  1. -1. -1.  0.]


17 : 
2.14626028768871713e-7 [ 0.  0.  1.  0.  1. -1. -1.  0. -1.  0. -1.  1.  1.  0. -1.  1.  0.]
2.27713663512180142e-7 [-1. -1. -1. -1.  0.  1. -1.  1.  0.  1.  0. -1. -1.  0.  1.  0.  1.]
9.57023735939643849e-7 [-1. -1.  0.  0. -1.  1. -1. -1.  1.  0. -1.  0. -1.  1.  1.  1.  0.]
1.5740123413023055e-6 [-1.  0. -1.  1.  1. -1.  1.  0.  1.  1. -1.  1.  0. -1. -1.  1. -1.]
1.57401234130577494e-6 [-1.  0. -1. -1.  1. -1.  1.  0.  1.  1. -1.  1.  0. -1. -1.  1.  0.]
2.03499189278116832e-6 [ 1.  1. -1. -1.  0.  1.  1. -1.  0.  1.  0. -1.  1.  1.  0. -1. -1.]
3.53196750216624999e-6 [ 0.  0.  0.  1. -1. -1.  1. -1.  0.  1.  0.  1.  0. -1.  0.  1. -1.]
3.53196750216798472e-6 [ 0.  0.  0. -1. -1. -1.  1. -1.  0.  1.  0.  1.  0. -1.  0.  1.  0.]
3.84743482535407355e-6 [ 0. -1.  1.  0. -1.  1.  1.  1.  0. -1. -1. -1.  1. -1.  0.  1.  0.]
3.99108299578739001e-6 [ 0.  0.  1.  0.  0. -1.  0.  1. -1.  0.  0. -1.  0.  0. -1.  1.  1.]
4.46107418463487226e-6 [ 0.  1.  1.  1. -1.  0. -1.  1.  0. -1. -1.  1.  1.  0. -1.  1. -1.]
4.46107418463834171e-6 [ 0.  1.  1. -1. -1.  0. -1.  1.  0. -1. -1.  1.  1.  0. -1.  1.  0.]
4.46212939788151464e-6 [ 0.  0. -1.  0. -1.  1.  1. -1.  1.  1.  0.  1. -1.  1. -1. -1.  0.]


17 : 
2.14626028768004351e-7 [ 0.  0.  1.  0.  1. -1. -1.  0. -1.  0. -1.  1.  1.  0. -1.  1.  0.]
2.277136635117464614e-7 [-1. -1. -1.  1.  0.  1. -1.  1.  0.  1.  0. -1. -1.  0.  1.  0.  0.]
2.277136635119633018e-7 [ 1. -1. -1.  1.  0.  0. -1.  1.  0.  1.  0. -1. -1.  0.  1.  0.  0.]
2.277136635121801422e-7 [-1. -1. -1. -1.  0.  1. -1.  1.  0.  1.  0. -1. -1.  0.  1.  0.  1.]
9.570237359418122536e-7 [ 1. -1.  0.  0. -1.  0. -1. -1.  1.  0. -1.  0. -1.  1.  1.  1.  0.]
9.570237359422459344e-7 [-1. -1.  0.  0. -1.  1. -1. -1.  1.  0. -1.  0. -1.  1.  1.  1.  0.]
1.574012341305774942e-6 [-1.  0. -1.  1.  1. -1.  1.  0.  1.  1. -1.  1.  0. -1. -1.  1. -1.]
2.034991892784637768e-6 [ 1.  1. -1. -1.  0.  1.  1. -1.  0.  1.  0. -1.  1.  1.  0. -1. -1.]
3.531967502166900516e-6 [ 0.  0.  0. -1. -1. -1.  1. -1.  0.  1.  0.  1.  0. -1.  0.  1.  0.]
3.531967502167117356e-6 [ 0.  0.  0.  1. -1. -1.  1. -1.  0.  1.  0.  1.  0. -1.  0.  1. -1.]
3.847434825357542998e-6 [ 0. -1.  1.  0. -1.  1.  1.  1.  0. -1. -1. -1.  1. -1.  0.  1.  0.]
3.991082995788474211e-6 [ 0.  0.  1.  0.  0. -1.  0.  1. -1.  0.  0. -1.  0.  0. -1.  1.  1.]
4.461074184636606987e-6 [ 0.  1.  1.  1. -1.  0. -1.  1.  0. -1. -1.  1.  1.  0. -1.  1. -1.]
4.462129397880213594e-6 [ 0.  0. -1.  0. -1.  1.  1. -1.  1.  1.  0.  1. -1.  1. -1. -1.  0.]


17 : 
0.00000021462602876810023155271744673690044221257649985404 [ 0.  0.  1.  0.  1. -1. -1.  0. -1.  0. -1.  1.  1.  0. -1.  1.  0.]
0.00000022771366351226937898694373191641977415946023411049 [-1. -1. -1. -1.  0.  1. -1.  1.  0.  1.  0. -1. -1.  0.  1.  0.  1.]
0.0000002277136635122693789869437319164197741594602554926 [ 1. -1. -1.  1.  0.  0. -1.  1.  0.  1.  0. -1. -1.  0.  1.  0.  0.]
0.00000095702373594211288960322480943412072666897460218474 [-1. -1.  0.  0. -1.  1. -1. -1.  1.  0. -1.  0. -1.  1.  1.  1.  0.]
0.0000015740123413052778605948746589090598488694389947391 [-1.  0. -1.  1.  1. -1.  1.  0.  1.  1. -1.  1.  0. -1. -1.  1. -1.]
0.0000015740123413052778605948746589090598488694390375033 [-1.  0. -1. -1.  1. -1.  1.  0.  1.  1. -1.  1.  0. -1. -1.  1.  0.]
0.0000020349918927848053774188154505458394007145969489091 [ 1.  1. -1. -1.  0.  1.  1. -1.  0.  1.  0. -1.  1.  1.  0. -1. -1.]
0.0000035319675021669962329897227956328923856775313113192 [ 0.  0.  0.  1. -1. -1.  1. -1.  0.  1.  0.  1.  0. -1.  0.  1. -1.]
0.0000035319675021669962329897227956328923856775313327013 [ 0.  0.  0. -1. -1. -1.  1. -1.  0.  1.  0.  1.  0. -1.  0.  1.  0.]
0.0000038474348253577592641693302199699866550103118381134 [ 0. -1.  1.  0. -1.  1.  1.  1.  0. -1. -1. -1.  1. -1.  0.  1.  0.]
0.0000039910829957884064739335680042141702410050338429417 [ 0.  0.  1.  0.  0. -1.  0.  1. -1.  0.  0. -1.  0.  0. -1.  1.  1.]
0.0000044610741846366809450324829363460184906819750093362 [ 0.  1.  1.  1. -1.  0. -1.  1.  0. -1. -1.  1.  1.  0. -1.  1. -1.]
0.0000044610741846366809450324829363460184906819750521004 [ 0.  1.  1. -1. -1.  0. -1.  1.  0. -1. -1.  1.  1.  0. -1.  1.  0.]
0.0000044621293978802889257217332462481979656650130324562 [ 0.  0. -1.  0. -1.  1.  1. -1.  1.  1.  0.  1. -1.  1. -1. -1.  0.]


17 : 
0.0000002146260287681002315527174467369004422125764834562989254881826245907696507896599763159795827584165409 [ 0.  0.  1.  0.  1. -1. -1.  0. -1.  0. -1.  1.  1.  0. -1.  1.  0.]
0.000000227713663512269378986943731916419774159460247348104315020785677231862021824474184347638535195858489 [ 1. -1. -1. -1.  0.  0. -1.  1.  0.  1.  0. -1. -1.  0.  1.  0.  1.]
0.0000002277136635122693789869437319164197741594602473481043150207856772318620218244741843476385351960870865 [-1. -1. -1. -1.  0.  1. -1.  1.  0.  1.  0. -1. -1.  0.  1.  0.  1.]
0.0000009570237359421128896032248094341207266689745956927671395817549283794360893225635981048880381420329631 [-1. -1.  0.  0. -1.  1. -1. -1.  1.  0. -1.  0. -1.  1.  1.  1.  0.]
0.000001574012341305277860594874658909059848869439049992089833715413022059995126314254924092434308438348212 [-1.  0. -1.  1.  1. -1.  1.  0.  1.  1. -1.  1.  0. -1. -1.  1. -1.]
0.000002034991892784805377418815450545839400714596945972733082994780087518128347873390996304590645932303023 [ 1.  1. -1. -1.  0.  1.  1. -1.  0.  1.  0. -1.  1.  1.  0. -1. -1.]
0.000003531967502166996232989722795632892385677531351599224882235198993951422635460086880753965080349565556 [ 0.  0.  0.  1. -1. -1.  1. -1.  0.  1.  0.  1.  0. -1.  0.  1. -1.]
0.000003847434825357759264169330219969986655010311825659594760603820536667652529006786770031241545148967168 [ 0. -1.  1.  0. -1.  1.  1.  1.  0. -1. -1. -1.  1. -1.  0.  1.  0.]
0.000003991082995788406473933568004214170241005033848977612125644156572674760857043719794722607270960895578 [ 0.  0.  1.  0.  0. -1.  0.  1. -1.  0.  0. -1.  0.  0. -1.  1.  1.]
0.000004461074184636680945032482936346018490681975062605004120192986540975279897886317904951290788820263867 [ 0.  1.  1.  1. -1.  0. -1.  1.  0. -1. -1.  1.  1.  0. -1.  1. -1.]
0.000004461074184636680945032482936346018490681975062605004120192986540975279897886317904951290788820492465 [ 0.  1.  1. -1. -1.  0. -1.  1.  0. -1. -1.  1.  1.  0. -1.  1.  0.]
0.000004462129397880288925721733246248197965665013037530551669554970170683707799988904560472219559999597696 [ 0.  0. -1.  0. -1.  1.  1. -1.  1.  1.  0.  1. -1.  1. -1. -1.  0.]


17 : 
0.0000002146260287681002315527174467369004422125764834562989254881826245907696507896599763159795827584165409 [ 0.  0.  1.  0.  1. -1. -1.  0. -1.  0. -1.  1.  1.  0. -1.  1.  0.]
0.000000227713663512269378986943731916419774159460247348104315020785677231862021824474184347638535195858489 [ 1. -1. -1. -1.  0.  0. -1.  1.  0.  1.  0. -1. -1.  0.  1.  0.  1.]
0.0000002277136635122693789869437319164197741594602473481043150207856772318620218244741843476385351960870865 [-1. -1. -1. -1.  0.  1. -1.  1.  0.  1.  0. -1. -1.  0.  1.  0.  1.]
0.0000009570237359421128896032248094341207266689745956927671395817549283794360893225635981048880381420329631 [-1. -1.  0.  0. -1.  1. -1. -1.  1.  0. -1.  0. -1.  1.  1.  1.  0.]
0.000001574012341305277860594874658909059848869439049992089833715413022059995126314254924092434308438348212 [-1.  0. -1.  1.  1. -1.  1.  0.  1.  1. -1.  1.  0. -1. -1.  1. -1.]
0.000002034991892784805377418815450545839400714596945972733082994780087518128347873390996304590645932303023 [ 1.  1. -1. -1.  0.  1.  1. -1.  0.  1.  0. -1.  1.  1.  0. -1. -1.]
0.000003531967502166996232989722795632892385677531351599224882235198993951422635460086880753965080349565556 [ 0.  0.  0.  1. -1. -1.  1. -1.  0.  1.  0.  1.  0. -1.  0.  1. -1.]
0.000003847434825357759264169330219969986655010311825659594760603820536667652529006786770031241545148967168 [ 0. -1.  1.  0. -1.  1.  1.  1.  0. -1. -1. -1.  1. -1.  0.  1.  0.]
0.000003991082995788406473933568004214170241005033848977612125644156572674760857043719794722607270960895578 [ 0.  0.  1.  0.  0. -1.  0.  1. -1.  0.  0. -1.  0.  0. -1.  1.  1.]
0.000004461074184636680945032482936346018490681975062605004120192986540975279897886317904951290788820263867 [ 0.  1.  1.  1. -1.  0. -1.  1.  0. -1. -1.  1.  1.  0. -1.  1. -1.]
0.000004461074184636680945032482936346018490681975062605004120192986540975279897886317904951290788820492465 [ 0.  1.  1. -1. -1.  0. -1.  1.  0. -1. -1.  1.  1.  0. -1.  1.  0.]
0.000004462129397880288925721733246248197965665013037530551669554970170683707799988904560472219559999597696 [ 0.  0. -1.  0. -1.  1.  1. -1.  1.  1.  0.  1. -1.  1. -1. -1.  0.]


-0.000004462129397880288925721733246248197965665013037530551669554970170683707799988904560472219559999597696 [ 0.  0. -1.  0. -1.  1.  1. -1.  1.  1.  0.  1. -1.  1. -1. -1.  0.]
-0.000004461074184636680945032482936346018490681975062605004120192986540975279897886317904951290788820263867 [ 0.  1.  1.  1. -1.  0. -1.  1.  0. -1. -1.  1.  1.  0. -1.  1. -1.]
-0.000004461074184636680945032482936346018490681975062605004120192986540975279897886317904951290788820492465 [ 0.  1.  1. -1. -1.  0. -1.  1.  0. -1. -1.  1.  1.  0. -1.  1.  0.]
-0.000002034991892784805377418815450545839400714596945972733082994780087518128347873390996304590645932303023 [ 1.  1. -1. -1.  0.  1.  1. -1.  0.  1.  0. -1.  1.  1.  0. -1. -1.]
-0.000003991082995788406473933568004214170241005033848977612125644156572674760857043719794722607270960895578 [ 0.  0.  1.  0.  0. -1.  0.  1. -1.  0.  0. -1.  0.  0. -1.  1.  1.]
-0.000003531967502166996232989722795632892385677531351599224882235198993951422635460086880753965080349565556 [ 0.  0.  0.  1. -1. -1.  1. -1.  0.  1.  0.  1.  0. -1.  0.  1. -1.]
-0.000003847434825357759264169330219969986655010311825659594760603820536667652529006786770031241545148967168 [ 0. -1.  1.  0. -1.  1.  1.  1.  0. -1. -1. -1.  1. -1.  0.  1.  0.]
-0.000001574012341305277860594874658909059848869439049992089833715413022059995126314254924092434308438348212 [-1.  0. -1.  1.  1. -1.  1.  0.  1.  1. -1.  1.  0. -1. -1.  1. -1.]
-0.000001574012341305277860594874658909059848869439049992089833715413022059995126314254924092434308438348212 [-1.  0. -1.  1.  1. -1.  1.  0.  1.  1. -1.  1.  0. -1. -1.  1. -1.]
-0.0000009570237359421128896032248094341207266689745956927671395817549283794360893225635981048880381420329631 [-1. -1.  0.  0. -1.  1. -1. -1.  1.  0. -1.  0. -1.  1.  1.  1.  0.]
-0.000000227713663512269378986943731916419774159460247348104315020785677231862021824474184347638535195858489 [ 1. -1. -1. -1.  0.  0. -1.  1.  0.  1.  0. -1. -1.  0.  1.  0.  1.]
-0.000003531967502166996232989722795632892385677531351599224882235198993951422635460086880753965080349565556 [ 0.  0.  0.  1. -1. -1.  1. -1.  0.  1.  0.  1.  0. -1.  0.  1. -1.]
-0.000000227713663512269378986943731916419774159460247348104315020785677231862021824474184347638535195858489 [ 1. -1. -1. -1.  0.  0. -1.  1.  0.  1.  0. -1. -1.  0.  1.  0.  1.]
-0.000000227713663512269378986943731916419774159460247348104315020785677231862021824474184347638535195858489 [ 1. -1. -1. -1.  0.  0. -1.  1.  0.  1.  0. -1. -1.  0.  1.  0.  1.]
-0.0000009570237359421128896032248094341207266689745956927671395817549283794360893225635981048880381420329631 [-1. -1.  0.  0. -1.  1. -1. -1.  1.  0. -1.  0. -1.  1.  1.  1.  0.]
-0.0000002146260287681002315527174467369004422125764834562989254881826245907696507896599763159795827584165409 [ 0.  0.  1.  0.  1. -1. -1.  0. -1.  0. -1.  1.  1.  0. -1.  1.  0.]
-0.0000002277136635122693789869437319164197741594602473481043150207856772318620218244741843476385351960870865 [-1. -1. -1. -1.  0.  1. -1.  1.  0.  1.  0. -1. -1.  0.  1.  0.  1.]
