0 : 


1 : 
1000 [0.]


0 : 


1 : 
1000 [0.]


2 : 
1000 [0. 0.]
1000 [0. 0.]


3 : 
1000 [0. 0. 0.]
1000 [0. 0. 0.]
999 [0. 0. 0.]


10 : 
0.00019378590470431334 [-1.  0. -1.  0.  0. -1.  1.  1.  0.  0.]
0.00019378590470431334 [-1.  0. -1.  0.  0. -1.  1.  1.  0.  0.]
0.00011365933603713074 [ 1. -1.  1.  1.  1. -1.  1.  0. -1. -1.]
0.00019378590470253698 [-1.  0. -1.  0.  0. -1.  1.  1.  0.  0.]
0.00011365933603713074 [ 1. -1.  1.  1.  1. -1.  1.  0. -1. -1.]
0.00011365933603535439 [-1. -1.  1.  1.  1.  0.  1.  0. -1. -1.]
0.00011365933603535439 [-1. -1.  1.  1.  1.  0.  1.  0. -1. -1.]
0.00011365933603357803 [-1. -1.  1.  1.  1.  0.  1.  0. -1. -1.]
0.00019378590470253698 [-1.  0. -1.  0.  0. -1.  1.  1.  0.  0.]
0.00011365933603535439 [-1. -1.  1.  1.  1.  0.  1.  0. -1. -1.]


0 : 


1 : 
1.4142135623730951 [1.]


2 : 
1.4142135623730951 [1. 0.]
0.31783724519578205 [-1.  1.]


3 : 
0.5040171699309122 [ 0. -1.  1.]
0.31783724519578227 [-1.  1.  0.]
0.31783724519578205 [-1.  1.  0.]


4 : 
0.21342176528338808 [ 0.  0. -1.  1.]
0.21342176528338808 [ 0.  0. -1.  1.]
0.21342176528338808 [ 0.  0. -1.  1.]
0.1044154799123942 [-1.  1.  1. -1.]


5 : 
0.12157567691436988 [-1.  1.  0.  1. -1.]
0.10441547991239464 [-1.  1.  1. -1.  0.]
0.0918460883690182 [ 1. -1. -1.  0.  1.]
0.1044154799123942 [-1.  1.  1. -1.  0.]
0.09184608836901864 [ 1. -1. -1.  0.  1.]


6 : 
0.06110013676722925 [ 1. -1.  0. -1.  0.  1.]
0.030745951601788946 [ 0.  0. -1.  1.  1. -1.]
0.061100136767228364 [ 1. -1.  0. -1.  0.  1.]
0.030745951601788057 [ 0.  0. -1.  1.  1. -1.]
0.030745951601788946 [ 0.  0. -1.  1.  1. -1.]
0.030745951601788946 [ 0.  0. -1.  1.  1. -1.]


7 : 
0.012509179172877083 [ 0.  1. -1.  0. -1.  0.  1.]
0.012509179172877083 [ 0.  1. -1.  0. -1.  0.  1.]
0.012509179172877083 [ 0.  1. -1.  0. -1.  0.  1.]
0.012509179172875307 [ 0.  1. -1.  0. -1.  0.  1.]
0.012509179172876195 [ 0.  1. -1.  0. -1.  0.  1.]
0.012509179172877083 [ 0.  1. -1.  0. -1.  0.  1.]
0.012509179172875307 [ 0.  1. -1.  0. -1.  0.  1.]


8 : 
0.00019378590470431334 [-1.  0. -1.  0.  0. -1.  1.  1.]
0.00019378590470431334 [-1.  0. -1.  0.  0. -1.  1.  1.]
0.00019378590470431334 [-1.  0. -1.  0.  0. -1.  1.  1.]
0.00019378590470431334 [-1.  0. -1.  0.  0. -1.  1.  1.]
0.00019378590470431334 [-1.  0. -1.  0.  0. -1.  1.  1.]
0.00019378590470431334 [-1.  0. -1.  0.  0. -1.  1.  1.]
0.00019378590470431334 [-1.  0. -1.  0.  0. -1.  1.  1.]
0.00019378590470431334 [-1.  0. -1.  0.  0. -1.  1.  1.]


9 : 
0.00019378590470431334 [-1.  0. -1.  0.  0. -1.  1.  1.  0.]
0.00019378590470431334 [-1.  0. -1.  0.  0. -1.  1.  1.  0.]
0.00019378590470431334 [-1.  0. -1.  0.  0. -1.  1.  1.  0.]
0.00019378590470431334 [-1.  0. -1.  0.  0. -1.  1.  1.  0.]
0.00019378590470431334 [-1.  0. -1.  0.  0. -1.  1.  1.  0.]
0.00019378590470431334 [-1.  0. -1.  0.  0. -1.  1.  1.  0.]
0.00019378590470431334 [-1.  0. -1.  0.  0. -1.  1.  1.  0.]
0.00019378590470431334 [-1.  0. -1.  0.  0. -1.  1.  1.  0.]
0.00019378590470431334 [-1.  0. -1.  0.  0. -1.  1.  1.  0.]


10 : 
0.00019378590470431334 [-1.  0. -1.  0.  0. -1.  1.  1.  0.  0.]
0.00019378590470431334 [-1.  0. -1.  0.  0. -1.  1.  1.  0.  0.]
0.00011365933603713074 [ 1. -1.  1.  1.  1. -1.  1.  0. -1. -1.]
0.00019378590470253698 [-1.  0. -1.  0.  0. -1.  1.  1.  0.  0.]
0.00011365933603713074 [ 1. -1.  1.  1.  1. -1.  1.  0. -1. -1.]
0.00011365933603535439 [-1. -1.  1.  1.  1.  0.  1.  0. -1. -1.]
0.00011365933603535439 [-1. -1.  1.  1.  1.  0.  1.  0. -1. -1.]
0.00011365933603357803 [-1. -1.  1.  1.  1.  0.  1.  0. -1. -1.]
0.00019378590470253698 [-1.  0. -1.  0.  0. -1.  1.  1.  0.  0.]
0.00011365933603535439 [-1. -1.  1.  1.  1.  0.  1.  0. -1. -1.]


11 : 
0.00011365933603713074 [ 1. -1.  1.  1.  1. -1.  1.  0. -1. -1.  0.]
0.00011365933603713074 [ 1. -1.  1.  1.  1. -1.  1.  0. -1. -1.  0.]
0.00011365933603713074 [ 1. -1.  1.  1.  1. -1.  1.  0. -1. -1.  0.]
0.00011365933603535439 [-1. -1.  1.  1.  1.  0.  1.  0. -1. -1.  0.]
0.00011365933603713074 [ 1. -1.  1.  1.  1. -1.  1.  0. -1. -1.  0.]
0.00011365933603535439 [-1. -1.  1.  1.  1.  0.  1.  0. -1. -1.  0.]
0.00011365933603357803 [-1. -1.  1.  1.  1.  0.  1.  0. -1. -1.  0.]
0.00011365933603357803 [-1. -1.  1.  1.  1.  0.  1.  0. -1. -1.  0.]
0.00011365933603357803 [-1. -1.  1.  1.  1.  0.  1.  0. -1. -1.  0.]
0.00011365933603357803 [-1. -1.  1.  1.  1.  0.  1.  0. -1. -1.  0.]
0.00011365933603535439 [-1. -1.  1.  1.  1.  0.  1.  0. -1. -1.  0.]


12 : 
0.00011365933603535439 [-1. -1.  1.  1.  1.  0.  1.  0. -1. -1.  0.  0.]
0.00011365933603357803 [-1. -1.  1.  1.  1.  0.  1.  0. -1. -1.  0.  0.]
0.00011365933603357803 [-1. -1.  1.  1.  1.  0.  1.  0. -1. -1.  0.  0.]
0.00011365933603357803 [-1. -1.  1.  1.  1.  0.  1.  0. -1. -1.  0.  0.]
0.00011365933603357803 [-1. -1.  1.  1.  1.  0.  1.  0. -1. -1.  0.  0.]
0.00011365933603357803 [-1. -1.  1.  1.  1.  0.  1.  0. -1. -1.  0.  0.]
0.00011365933603357803 [-1. -1.  1.  1.  1.  0.  1.  0. -1. -1.  0.  0.]
0.00011365933603357803 [-1. -1.  1.  1.  1.  0.  1.  0. -1. -1.  0.  0.]
0.00011365933603357803 [-1. -1.  1.  1.  1.  0.  1.  0. -1. -1.  0.  0.]
7.636281048206683e-05 [ 1.  1. -1. -1.  1.  1.  1.  0. -1. -1. -1.  1.]
7.636281047851412e-05 [ 1.  1. -1. -1.  1.  1.  1.  0. -1. -1. -1.  1.]
0.00011365933603357803 [-1. -1.  1.  1.  1.  0.  1.  0. -1. -1.  0.  0.]


13 : 
5.187857714261668e-05 [ 1. -1. -1.  1.  0.  0.  0.  0.  0.  1. -1. -1.  1.]
5.187857714261668e-05 [ 1. -1. -1.  1.  0.  0.  0.  0.  0.  1. -1. -1.  1.]
5.1878577139063964e-05 [ 1. -1. -1.  1.  0.  0.  0.  0.  0.  1. -1. -1.  1.]
5.1878577139063964e-05 [ 1. -1. -1.  1.  0.  0.  0.  0.  0.  1. -1. -1.  1.]
5.1878577139063964e-05 [ 1. -1. -1.  1.  0.  0.  0.  0.  0.  1. -1. -1.  1.]
5.1878577139063964e-05 [ 1. -1. -1.  1.  0.  0.  0.  0.  0.  1. -1. -1.  1.]
9.2627022247882e-06 [-1. -1.  1.  1.  0. -1. -1.  1. -1. -1.  0.  1.  1.]
9.262702228340913e-06 [-1. -1.  1.  1.  0. -1. -1.  1. -1. -1.  0.  1.  1.]
9.262702228340913e-06 [-1. -1.  1.  1.  0. -1. -1.  1. -1. -1.  0.  1.  1.]
5.1878577139063964e-05 [ 1. -1. -1.  1.  0.  0.  0.  0.  0.  1. -1. -1.  1.]
5.1878577139063964e-05 [ 1. -1. -1.  1.  0.  0.  0.  0.  0.  1. -1. -1.  1.]
5.1878577139063964e-05 [ 1. -1. -1.  1.  0.  0.  0.  0.  0.  1. -1. -1.  1.]
9.262702228340913e-06 [-1. -1.  1.  1.  0. -1. -1.  1. -1. -1.  0.  1.  1.]


14 : 
9.066398924062469e-06 [-1.  0.  1.  1.  0.  1.  1.  1.  0.  0. -1. -1.  0. -1.]
9.066398924062469e-06 [-1.  0.  1.  1.  0.  1.  1.  1.  0.  0. -1. -1.  0. -1.]
9.066398920509755e-06 [ 1.  0.  1.  1.  0.  0.  1.  1.  0.  0. -1. -1.  0. -1.]
9.066398924062469e-06 [-1.  0.  1.  1.  0.  1.  1.  1.  0.  0. -1. -1.  0. -1.]
9.066398924062469e-06 [-1.  0.  1.  1.  0.  1.  1.  1.  0.  0. -1. -1.  0. -1.]
9.066398920509755e-06 [ 1.  0.  1.  1.  0.  0.  1.  1.  0.  0. -1. -1.  0. -1.]
9.066398920509755e-06 [ 1.  0.  1.  1.  0.  0.  1.  1.  0.  0. -1. -1.  0. -1.]
9.066398924062469e-06 [-1.  0.  1.  1.  0.  1.  1.  1.  0.  0. -1. -1.  0. -1.]
9.066398924062469e-06 [-1.  0.  1.  1.  0.  1.  1.  1.  0.  0. -1. -1.  0. -1.]
9.066398920509755e-06 [ 1.  0.  1.  1.  0.  0.  1.  1.  0.  0. -1. -1.  0. -1.]
9.066398920509755e-06 [ 1.  0.  1.  1.  0.  0.  1.  1.  0.  0. -1. -1.  0. -1.]
9.066398920509755e-06 [ 1.  0.  1.  1.  0.  0.  1.  1.  0.  0. -1. -1.  0. -1.]
9.066398920509755e-06 [ 1.  0.  1.  1.  0.  0.  1.  1.  0.  0. -1. -1.  0. -1.]
9.066398920509755e-06 [ 1.  0.  1.  1.  0.  0.  1.  1.  0.  0. -1. -1.  0. -1.]


15 : 
2.277136630368659e-07 [ 1. -1. -1.  1.  0.  0. -1.  1.  0.  1.  0. -1. -1.  0.  1.]
2.277136630368659e-07 [ 1. -1. -1.  1.  0.  0. -1.  1.  0.  1.  0. -1. -1.  0.  1.]
2.277136630368659e-07 [ 1. -1. -1.  1.  0.  0. -1.  1.  0.  1.  0. -1. -1.  0.  1.]
2.277136630368659e-07 [ 1. -1. -1.  1.  0.  0. -1.  1.  0.  1.  0. -1. -1.  0.  1.]
2.277136630368659e-07 [ 1. -1. -1.  1.  0.  0. -1.  1.  0.  1.  0. -1. -1.  0.  1.]
2.277136630368659e-07 [ 1. -1. -1.  1.  0.  0. -1.  1.  0.  1.  0. -1. -1.  0.  1.]
2.2771365948415223e-07 [-1. -1. -1.  1.  0.  1. -1.  1.  0.  1.  0. -1. -1.  0.  1.]
2.277136630368659e-07 [ 1. -1. -1.  1.  0.  0. -1.  1.  0.  1.  0. -1. -1.  0.  1.]
2.277136630368659e-07 [ 1. -1. -1.  1.  0.  0. -1.  1.  0.  1.  0. -1. -1.  0.  1.]
2.277136630368659e-07 [ 1. -1. -1.  1.  0.  0. -1.  1.  0.  1.  0. -1. -1.  0.  1.]
2.277136630368659e-07 [ 1. -1. -1.  1.  0.  0. -1.  1.  0.  1.  0. -1. -1.  0.  1.]
2.2771365593143855e-07 [ 1. -1. -1.  1.  0.  0. -1.  1.  0.  1.  0. -1. -1.  0.  1.]
2.2771365948415223e-07 [-1. -1. -1.  1.  0.  1. -1.  1.  0.  1.  0. -1. -1.  0.  1.]
2.2771365948415223e-07 [-1. -1. -1.  1.  0.  1. -1.  1.  0.  1.  0. -1. -1.  0.  1.]
2.2771365948415223e-07 [-1. -1. -1.  1.  0.  1. -1.  1.  0.  1.  0. -1. -1.  0.  1.]


16 : 
2.1462602717292611e-07 [ 0.  0.  1.  0.  1. -1. -1.  0. -1.  0. -1.  1.  1.  0. -1.  1.]
2.1462602717292611e-07 [ 0.  0.  1.  0.  1. -1. -1.  0. -1.  0. -1.  1.  1.  0. -1.  1.]
2.1462602362021244e-07 [ 0.  0.  1.  0.  1. -1. -1.  0. -1.  0. -1.  1.  1.  0. -1.  1.]
2.1462602717292611e-07 [ 0.  0.  1.  0.  1. -1. -1.  0. -1.  0. -1.  1.  1.  0. -1.  1.]
2.1462602362021244e-07 [ 0.  0.  1.  0.  1. -1. -1.  0. -1.  0. -1.  1.  1.  0. -1.  1.]
2.1462602362021244e-07 [ 0.  0.  1.  0.  1. -1. -1.  0. -1.  0. -1.  1.  1.  0. -1.  1.]
2.1462602362021244e-07 [ 0.  0.  1.  0.  1. -1. -1.  0. -1.  0. -1.  1.  1.  0. -1.  1.]
2.1462602362021244e-07 [ 0.  0.  1.  0.  1. -1. -1.  0. -1.  0. -1.  1.  1.  0. -1.  1.]
2.1462602362021244e-07 [ 0.  0.  1.  0.  1. -1. -1.  0. -1.  0. -1.  1.  1.  0. -1.  1.]
2.1462602362021244e-07 [ 0.  0.  1.  0.  1. -1. -1.  0. -1.  0. -1.  1.  1.  0. -1.  1.]
2.1462602362021244e-07 [ 0.  0.  1.  0.  1. -1. -1.  0. -1.  0. -1.  1.  1.  0. -1.  1.]
2.1462602362021244e-07 [ 0.  0.  1.  0.  1. -1. -1.  0. -1.  0. -1.  1.  1.  0. -1.  1.]
2.1462602362021244e-07 [ 0.  0.  1.  0.  1. -1. -1.  0. -1.  0. -1.  1.  1.  0. -1.  1.]
2.1462602362021244e-07 [ 0.  0.  1.  0.  1. -1. -1.  0. -1.  0. -1.  1.  1.  0. -1.  1.]
2.1462602362021244e-07 [ 0.  0.  1.  0.  1. -1. -1.  0. -1.  0. -1.  1.  1.  0. -1.  1.]
2.1462602362021244e-07 [ 0.  0.  1.  0.  1. -1. -1.  0. -1.  0. -1.  1.  1.  0. -1.  1.]


17 : 
2.1462602717292611e-07 [ 0.  0.  1.  0.  1. -1. -1.  0. -1.  0. -1.  1.  1.  0. -1.  1.  0.]
2.1462602717292611e-07 [ 0.  0.  1.  0.  1. -1. -1.  0. -1.  0. -1.  1.  1.  0. -1.  1.  0.]
2.1462602362021244e-07 [ 0.  0.  1.  0.  1. -1. -1.  0. -1.  0. -1.  1.  1.  0. -1.  1.  0.]
2.1462602717292611e-07 [ 0.  0.  1.  0.  1. -1. -1.  0. -1.  0. -1.  1.  1.  0. -1.  1.  0.]
2.1462602362021244e-07 [ 0.  0.  1.  0.  1. -1. -1.  0. -1.  0. -1.  1.  1.  0. -1.  1.  0.]
2.1462602362021244e-07 [ 0.  0.  1.  0.  1. -1. -1.  0. -1.  0. -1.  1.  1.  0. -1.  1.  0.]
2.1462602362021244e-07 [ 0.  0.  1.  0.  1. -1. -1.  0. -1.  0. -1.  1.  1.  0. -1.  1.  0.]
2.1462602717292611e-07 [ 0.  0.  1.  0.  1. -1. -1.  0. -1.  0. -1.  1.  1.  0. -1.  1.  0.]
2.1462602362021244e-07 [ 0.  0.  1.  0.  1. -1. -1.  0. -1.  0. -1.  1.  1.  0. -1.  1.  0.]
2.1462602362021244e-07 [ 0.  0.  1.  0.  1. -1. -1.  0. -1.  0. -1.  1.  1.  0. -1.  1.  0.]
2.1462602362021244e-07 [ 0.  0.  1.  0.  1. -1. -1.  0. -1.  0. -1.  1.  1.  0. -1.  1.  0.]
2.1462602362021244e-07 [ 0.  0.  1.  0.  1. -1. -1.  0. -1.  0. -1.  1.  1.  0. -1.  1.  0.]
2.1462602362021244e-07 [ 0.  0.  1.  0.  1. -1. -1.  0. -1.  0. -1.  1.  1.  0. -1.  1.  0.]
2.1462602362021244e-07 [ 0.  0.  1.  0.  1. -1. -1.  0. -1.  0. -1.  1.  1.  0. -1.  1.  0.]
2.1462602362021244e-07 [ 0.  0.  1.  0.  1. -1. -1.  0. -1.  0. -1.  1.  1.  0. -1.  1.  0.]
2.1462602362021244e-07 [ 0.  0.  1.  0.  1. -1. -1.  0. -1.  0. -1.  1.  1.  0. -1.  1.  0.]
2.1462602362021244e-07 [ 0.  0.  1.  0.  1. -1. -1.  0. -1.  0. -1.  1.  1.  0. -1.  1.  0.]


18 : 
8.520554928281854e-08 [ 1. -1. -1.  1. -1.  1.  0.  0.  0.  1.  0. -1.  0.  0.  0. -1.  0.  1.]
8.520554928281854e-08 [ 1. -1. -1.  1. -1.  1.  0.  0.  0.  1.  0. -1.  0.  0.  0. -1.  0.  1.]
8.520554928281854e-08 [ 1. -1. -1.  1. -1.  1.  0.  0.  0.  1.  0. -1.  0.  0.  0. -1.  0.  1.]
8.520554928281854e-08 [ 1. -1. -1.  1. -1.  1.  0.  0.  0.  1.  0. -1.  0.  0.  0. -1.  0.  1.]
8.520554928281854e-08 [ 1. -1. -1.  1. -1.  1.  0.  0.  0.  1.  0. -1.  0.  0.  0. -1.  0.  1.]
8.520554928281854e-08 [ 1. -1. -1.  1. -1.  1.  0.  0.  0.  1.  0. -1.  0.  0.  0. -1.  0.  1.]
8.520554928281854e-08 [ 1. -1. -1.  1. -1.  1.  0.  0.  0.  1.  0. -1.  0.  0.  0. -1.  0.  1.]
8.520554928281854e-08 [ 1. -1. -1.  1. -1.  1.  0.  0.  0.  1.  0. -1.  0.  0.  0. -1.  0.  1.]
8.520554928281854e-08 [ 1. -1. -1.  1. -1.  1.  0.  0.  0.  1.  0. -1.  0.  0.  0. -1.  0.  1.]
8.520554928281854e-08 [ 1. -1. -1.  1. -1.  1.  0.  0.  0.  1.  0. -1.  0.  0.  0. -1.  0.  1.]
8.520554928281854e-08 [ 1. -1. -1.  1. -1.  1.  0.  0.  0.  1.  0. -1.  0.  0.  0. -1.  0.  1.]
8.520554928281854e-08 [ 1. -1. -1.  1. -1.  1.  0.  0.  0.  1.  0. -1.  0.  0.  0. -1.  0.  1.]
8.520554928281854e-08 [ 1. -1. -1.  1. -1.  1.  0.  0.  0.  1.  0. -1.  0.  0.  0. -1.  0.  1.]
8.520554928281854e-08 [ 1. -1. -1.  1. -1.  1.  0.  0.  0.  1.  0. -1.  0.  0.  0. -1.  0.  1.]
8.520554928281854e-08 [ 1. -1. -1.  1. -1.  1.  0.  0.  0.  1.  0. -1.  0.  0.  0. -1.  0.  1.]
8.520554928281854e-08 [ 1. -1. -1.  1. -1.  1.  0.  0.  0.  1.  0. -1.  0.  0.  0. -1.  0.  1.]
8.520554928281854e-08 [ 1. -1. -1.  1. -1.  1.  0.  0.  0.  1.  0. -1.  0.  0.  0. -1.  0.  1.]
8.520554928281854e-08 [ 1. -1. -1.  1. -1.  1.  0.  0.  0.  1.  0. -1.  0.  0.  0. -1.  0.  1.]


19 : 
8.520554928281854e-08 [ 1. -1. -1.  1. -1.  1.  0.  0.  0.  1.  0. -1.  0.  0.  0. -1.  0.  1.
  0.]
8.520554928281854e-08 [ 1. -1. -1.  1. -1.  1.  0.  0.  0.  1.  0. -1.  0.  0.  0. -1.  0.  1.
  0.]
8.520554928281854e-08 [ 1. -1. -1.  1. -1.  1.  0.  0.  0.  1.  0. -1.  0.  0.  0. -1.  0.  1.
  0.]
8.520554928281854e-08 [ 1. -1. -1.  1. -1.  1.  0.  0.  0.  1.  0. -1.  0.  0.  0. -1.  0.  1.
  0.]
8.520554928281854e-08 [ 1. -1. -1.  1. -1.  1.  0.  0.  0.  1.  0. -1.  0.  0.  0. -1.  0.  1.
  0.]
8.520554928281854e-08 [ 1. -1. -1.  1. -1.  1.  0.  0.  0.  1.  0. -1.  0.  0.  0. -1.  0.  1.
  0.]
8.520554928281854e-08 [ 1. -1. -1.  1. -1.  1.  0.  0.  0.  1.  0. -1.  0.  0.  0. -1.  0.  1.
  0.]
8.520554928281854e-08 [ 1. -1. -1.  1. -1.  1.  0.  0.  0.  1.  0. -1.  0.  0.  0. -1.  0.  1.
  0.]
8.520554928281854e-08 [ 1. -1. -1.  1. -1.  1.  0.  0.  0.  1.  0. -1.  0.  0.  0. -1.  0.  1.
  0.]
8.520554928281854e-08 [ 1. -1. -1.  1. -1.  1.  0.  0.  0.  1.  0. -1.  0.  0.  0. -1.  0.  1.
  0.]
8.520554928281854e-08 [ 1. -1. -1.  1. -1.  1.  0.  0.  0.  1.  0. -1.  0.  0.  0. -1.  0.  1.
  0.]
8.520554928281854e-08 [ 1. -1. -1.  1. -1.  1.  0.  0.  0.  1.  0. -1.  0.  0.  0. -1.  0.  1.
  0.]
8.520554928281854e-08 [ 1. -1. -1.  1. -1.  1.  0.  0.  0.  1.  0. -1.  0.  0.  0. -1.  0.  1.
  0.]
8.520554928281854e-08 [ 1. -1. -1.  1. -1.  1.  0.  0.  0.  1.  0. -1.  0.  0.  0. -1.  0.  1.
  0.]
8.520554928281854e-08 [ 1. -1. -1.  1. -1.  1.  0.  0.  0.  1.  0. -1.  0.  0.  0. -1.  0.  1.
  0.]
8.520554928281854e-08 [ 1. -1. -1.  1. -1.  1.  0.  0.  0.  1.  0. -1.  0.  0.  0. -1.  0.  1.
  0.]
8.520554928281854e-08 [ 1. -1. -1.  1. -1.  1.  0.  0.  0.  1.  0. -1.  0.  0.  0. -1.  0.  1.
  0.]
8.520554928281854e-08 [ 1. -1. -1.  1. -1.  1.  0.  0.  0.  1.  0. -1.  0.  0.  0. -1.  0.  1.
  0.]
8.520554928281854e-08 [ 1. -1. -1.  1. -1.  1.  0.  0.  0.  1.  0. -1.  0.  0.  0. -1.  0.  1.
  0.]


20 : 
4.793935914904068e-09 [ 0.  1. -1.  0.  0.  0. -1.  1. -1.  0.  0.  1. -1.  1.  1. -1.  0.  1.
  0. -1.]
4.793935914904068e-09 [ 0.  1. -1.  0.  0.  0. -1.  1. -1.  0.  0.  1. -1.  1.  1. -1.  0.  1.
  0. -1.]
4.7939323621903895e-09 [ 0.  1. -1.  0.  0.  0. -1.  1. -1.  0.  0.  1. -1.  1.  1. -1.  0.  1.
  0. -1.]
4.793935914904068e-09 [ 0.  1. -1.  0.  0.  0. -1.  1. -1.  0.  0.  1. -1.  1.  1. -1.  0.  1.
  0. -1.]
4.793935914904068e-09 [ 0.  1. -1.  0.  0.  0. -1.  1. -1.  0.  0.  1. -1.  1.  1. -1.  0.  1.
  0. -1.]
4.7939323621903895e-09 [ 0.  1. -1.  0.  0.  0. -1.  1. -1.  0.  0.  1. -1.  1.  1. -1.  0.  1.
  0. -1.]
4.7939323621903895e-09 [ 0.  1. -1.  0.  0.  0. -1.  1. -1.  0.  0.  1. -1.  1.  1. -1.  0.  1.
  0. -1.]
4.793935914904068e-09 [ 0.  1. -1.  0.  0.  0. -1.  1. -1.  0.  0.  1. -1.  1.  1. -1.  0.  1.
  0. -1.]
4.793935914904068e-09 [ 0.  1. -1.  0.  0.  0. -1.  1. -1.  0.  0.  1. -1.  1.  1. -1.  0.  1.
  0. -1.]
4.793935914904068e-09 [ 0.  1. -1.  0.  0.  0. -1.  1. -1.  0.  0.  1. -1.  1.  1. -1.  0.  1.
  0. -1.]
4.793935914904068e-09 [ 0.  1. -1.  0.  0.  0. -1.  1. -1.  0.  0.  1. -1.  1.  1. -1.  0.  1.
  0. -1.]
4.7939323621903895e-09 [ 0.  1. -1.  0.  0.  0. -1.  1. -1.  0.  0.  1. -1.  1.  1. -1.  0.  1.
  0. -1.]
4.7939323621903895e-09 [ 0.  1. -1.  0.  0.  0. -1.  1. -1.  0.  0.  1. -1.  1.  1. -1.  0.  1.
  0. -1.]
4.7939323621903895e-09 [ 0.  1. -1.  0.  0.  0. -1.  1. -1.  0.  0.  1. -1.  1.  1. -1.  0.  1.
  0. -1.]
4.793928809476711e-09 [ 0.  1. -1.  0.  0.  0. -1.  1. -1.  0.  0.  1. -1.  1.  1. -1.  0.  1.
  0. -1.]
4.793935914904068e-09 [ 0.  1. -1.  0.  0.  0. -1.  1. -1.  0.  0.  1. -1.  1.  1. -1.  0.  1.
  0. -1.]
4.793935914904068e-09 [ 0.  1. -1.  0.  0.  0. -1.  1. -1.  0.  0.  1. -1.  1.  1. -1.  0.  1.
  0. -1.]
4.793935914904068e-09 [ 0.  1. -1.  0.  0.  0. -1.  1. -1.  0.  0.  1. -1.  1.  1. -1.  0.  1.
  0. -1.]
4.793928809476711e-09 [ 0.  1. -1.  0.  0.  0. -1.  1. -1.  0.  0.  1. -1.  1.  1. -1.  0.  1.
  0. -1.]
4.793935914904068e-09 [ 0.  1. -1.  0.  0.  0. -1.  1. -1.  0.  0.  1. -1.  1.  1. -1.  0.  1.
  0. -1.]


21 : 
4.793935914904068e-09 [ 0.  1. -1.  0.  0.  0. -1.  1. -1.  0.  0.  1. -1.  1.  1. -1.  0.  1.
  0. -1.  0.]
4.793935914904068e-09 [ 0.  1. -1.  0.  0.  0. -1.  1. -1.  0.  0.  1. -1.  1.  1. -1.  0.  1.
  0. -1.  0.]
4.7939323621903895e-09 [ 0.  1. -1.  0.  0.  0. -1.  1. -1.  0.  0.  1. -1.  1.  1. -1.  0.  1.
  0. -1.  0.]
4.793935914904068e-09 [ 0.  1. -1.  0.  0.  0. -1.  1. -1.  0.  0.  1. -1.  1.  1. -1.  0.  1.
  0. -1.  0.]
4.7939323621903895e-09 [ 0.  1. -1.  0.  0.  0. -1.  1. -1.  0.  0.  1. -1.  1.  1. -1.  0.  1.
  0. -1.  0.]
4.7939323621903895e-09 [ 0.  1. -1.  0.  0.  0. -1.  1. -1.  0.  0.  1. -1.  1.  1. -1.  0.  1.
  0. -1.  0.]
4.7939323621903895e-09 [ 0.  1. -1.  0.  0.  0. -1.  1. -1.  0.  0.  1. -1.  1.  1. -1.  0.  1.
  0. -1.  0.]
4.793935914904068e-09 [ 0.  1. -1.  0.  0.  0. -1.  1. -1.  0.  0.  1. -1.  1.  1. -1.  0.  1.
  0. -1.  0.]
4.7939323621903895e-09 [ 0.  1. -1.  0.  0.  0. -1.  1. -1.  0.  0.  1. -1.  1.  1. -1.  0.  1.
  0. -1.  0.]
4.7939323621903895e-09 [ 0.  1. -1.  0.  0.  0. -1.  1. -1.  0.  0.  1. -1.  1.  1. -1.  0.  1.
  0. -1.  0.]
4.793928809476711e-09 [ 0.  1. -1.  0.  0.  0. -1.  1. -1.  0.  0.  1. -1.  1.  1. -1.  0.  1.
  0. -1.  0.]
4.7939323621903895e-09 [ 0.  1. -1.  0.  0.  0. -1.  1. -1.  0.  0.  1. -1.  1.  1. -1.  0.  1.
  0. -1.  0.]
4.7939323621903895e-09 [ 0.  1. -1.  0.  0.  0. -1.  1. -1.  0.  0.  1. -1.  1.  1. -1.  0.  1.
  0. -1.  0.]
4.7939323621903895e-09 [ 0.  1. -1.  0.  0.  0. -1.  1. -1.  0.  0.  1. -1.  1.  1. -1.  0.  1.
  0. -1.  0.]
4.793928809476711e-09 [ 0.  1. -1.  0.  0.  0. -1.  1. -1.  0.  0.  1. -1.  1.  1. -1.  0.  1.
  0. -1.  0.]
4.793935914904068e-09 [ 0.  1. -1.  0.  0.  0. -1.  1. -1.  0.  0.  1. -1.  1.  1. -1.  0.  1.
  0. -1.  0.]
4.7939323621903895e-09 [ 0.  1. -1.  0.  0.  0. -1.  1. -1.  0.  0.  1. -1.  1.  1. -1.  0.  1.
  0. -1.  0.]
4.7939323621903895e-09 [ 0.  1. -1.  0.  0.  0. -1.  1. -1.  0.  0.  1. -1.  1.  1. -1.  0.  1.
  0. -1.  0.]
4.7939323621903895e-09 [ 0.  1. -1.  0.  0.  0. -1.  1. -1.  0.  0.  1. -1.  1.  1. -1.  0.  1.
  0. -1.  0.]
4.7939323621903895e-09 [ 0.  1. -1.  0.  0.  0. -1.  1. -1.  0.  0.  1. -1.  1.  1. -1.  0.  1.
  0. -1.  0.]
4.7939323621903895e-09 [ 0.  1. -1.  0.  0.  0. -1.  1. -1.  0.  0.  1. -1.  1.  1. -1.  0.  1.
  0. -1.  0.]


22 : 
8.420073527304339e-10 [-1. -1.  1.  0.  1.  0. -1.  0.  0.  1.  1.  1. -1. -1.  1.  1.  0. -1.
  1. -1.  0. -1.]
8.420073527304339e-10 [-1. -1.  1.  0.  1.  0. -1.  0.  0.  1.  1.  1. -1. -1.  1.  1.  0. -1.
  1. -1.  0. -1.]
8.420073527304339e-10 [-1. -1.  1.  0.  1.  0. -1.  0.  0.  1.  1.  1. -1. -1.  1.  1.  0. -1.
  1. -1.  0. -1.]
8.420073527304339e-10 [-1. -1.  1.  0.  1.  0. -1.  0.  0.  1.  1.  1. -1. -1.  1.  1.  0. -1.
  1. -1.  0. -1.]
8.420073527304339e-10 [-1. -1.  1.  0.  1.  0. -1.  0.  0.  1.  1.  1. -1. -1.  1.  1.  0. -1.
  1. -1.  0. -1.]
8.420002473030763e-10 [ 1. -1.  1.  0.  1. -1. -1.  0.  0.  1.  1.  1. -1. -1.  1.  1.  0. -1.
  1. -1.  0. -1.]
8.420073527304339e-10 [-1. -1.  1.  0.  1.  0. -1.  0.  0.  1.  1.  1. -1. -1.  1.  1.  0. -1.
  1. -1.  0. -1.]
8.420073527304339e-10 [-1. -1.  1.  0.  1.  0. -1.  0.  0.  1.  1.  1. -1. -1.  1.  1.  0. -1.
  1. -1.  0. -1.]
8.420073527304339e-10 [-1. -1.  1.  0.  1.  0. -1.  0.  0.  1.  1.  1. -1. -1.  1.  1.  0. -1.
  1. -1.  0. -1.]
8.420073527304339e-10 [-1. -1.  1.  0.  1.  0. -1.  0.  0.  1.  1.  1. -1. -1.  1.  1.  0. -1.
  1. -1.  0. -1.]
8.420073527304339e-10 [-1. -1.  1.  0.  1.  0. -1.  0.  0.  1.  1.  1. -1. -1.  1.  1.  0. -1.
  1. -1.  0. -1.]
8.420002473030763e-10 [ 1. -1.  1.  0.  1. -1. -1.  0.  0.  1.  1.  1. -1. -1.  1.  1.  0. -1.
  1. -1.  0. -1.]
8.420002473030763e-10 [ 1. -1.  1.  0.  1. -1. -1.  0.  0.  1.  1.  1. -1. -1.  1.  1.  0. -1.
  1. -1.  0. -1.]
8.420002473030763e-10 [ 1. -1.  1.  0.  1. -1. -1.  0.  0.  1.  1.  1. -1. -1.  1.  1.  0. -1.
  1. -1.  0. -1.]
8.420073527304339e-10 [-1. -1.  1.  0.  1.  0. -1.  0.  0.  1.  1.  1. -1. -1.  1.  1.  0. -1.
  1. -1.  0. -1.]
8.420073527304339e-10 [-1. -1.  1.  0.  1.  0. -1.  0.  0.  1.  1.  1. -1. -1.  1.  1.  0. -1.
  1. -1.  0. -1.]
8.420073527304339e-10 [-1. -1.  1.  0.  1.  0. -1.  0.  0.  1.  1.  1. -1. -1.  1.  1.  0. -1.
  1. -1.  0. -1.]
8.420073527304339e-10 [-1. -1.  1.  0.  1.  0. -1.  0.  0.  1.  1.  1. -1. -1.  1.  1.  0. -1.
  1. -1.  0. -1.]
8.420073527304339e-10 [-1. -1.  1.  0.  1.  0. -1.  0.  0.  1.  1.  1. -1. -1.  1.  1.  0. -1.
  1. -1.  0. -1.]
8.420073527304339e-10 [-1. -1.  1.  0.  1.  0. -1.  0.  0.  1.  1.  1. -1. -1.  1.  1.  0. -1.
  1. -1.  0. -1.]
8.420073527304339e-10 [-1. -1.  1.  0.  1.  0. -1.  0.  0.  1.  1.  1. -1. -1.  1.  1.  0. -1.
  1. -1.  0. -1.]
8.420073527304339e-10 [-1. -1.  1.  0.  1.  0. -1.  0.  0.  1.  1.  1. -1. -1.  1.  1.  0. -1.
  1. -1.  0. -1.]


23 : 
8.420073527304339e-10 [ 1. -1.  1.  0.  1. -1. -1.  0.  0.  1.  1.  1. -1. -1.  1.  1.  0. -1.
  1. -1.  0. -1.  0.]
8.420073527304339e-10 [ 1. -1.  1.  0.  1. -1. -1.  0.  0.  1.  1.  1. -1. -1.  1.  1.  0. -1.
  1. -1.  0. -1.  0.]
8.420002473030763e-10 [ 1. -1.  1.  0.  1.  1. -1.  0.  0.  1.  1.  1. -1. -1.  1.  1.  0. -1.
  1. -1.  0. -1. -1.]
8.420073527304339e-10 [ 1. -1.  1.  0.  1. -1. -1.  0.  0.  1.  1.  1. -1. -1.  1.  1.  0. -1.
  1. -1.  0. -1.  0.]
8.420002473030763e-10 [ 1. -1.  1.  0.  1.  1. -1.  0.  0.  1.  1.  1. -1. -1.  1.  1.  0. -1.
  1. -1.  0. -1. -1.]
8.420002473030763e-10 [ 1. -1.  1.  0.  1.  1. -1.  0.  0.  1.  1.  1. -1. -1.  1.  1.  0. -1.
  1. -1.  0. -1. -1.]
8.420002473030763e-10 [ 1. -1.  1.  0.  1.  1. -1.  0.  0.  1.  1.  1. -1. -1.  1.  1.  0. -1.
  1. -1.  0. -1. -1.]
8.420073527304339e-10 [ 1. -1.  1.  0.  1. -1. -1.  0.  0.  1.  1.  1. -1. -1.  1.  1.  0. -1.
  1. -1.  0. -1.  0.]
8.420073527304339e-10 [ 1. -1.  1.  0.  1. -1. -1.  0.  0.  1.  1.  1. -1. -1.  1.  1.  0. -1.
  1. -1.  0. -1.  0.]
8.420002473030763e-10 [ 1. -1.  1.  0.  1.  1. -1.  0.  0.  1.  1.  1. -1. -1.  1.  1.  0. -1.
  1. -1.  0. -1. -1.]
8.420002473030763e-10 [ 1. -1.  1.  0.  1.  1. -1.  0.  0.  1.  1.  1. -1. -1.  1.  1.  0. -1.
  1. -1.  0. -1. -1.]
8.420002473030763e-10 [ 1. -1.  1.  0.  1.  1. -1.  0.  0.  1.  1.  1. -1. -1.  1.  1.  0. -1.
  1. -1.  0. -1. -1.]
8.420002473030763e-10 [ 1. -1.  1.  0.  1.  1. -1.  0.  0.  1.  1.  1. -1. -1.  1.  1.  0. -1.
  1. -1.  0. -1. -1.]
8.420002473030763e-10 [ 1. -1.  1.  0.  1.  1. -1.  0.  0.  1.  1.  1. -1. -1.  1.  1.  0. -1.
  1. -1.  0. -1. -1.]
8.420002473030763e-10 [ 1. -1.  1.  0.  1.  1. -1.  0.  0.  1.  1.  1. -1. -1.  1.  1.  0. -1.
  1. -1.  0. -1. -1.]
8.420002473030763e-10 [ 1. -1.  1.  0.  1.  1. -1.  0.  0.  1.  1.  1. -1. -1.  1.  1.  0. -1.
  1. -1.  0. -1. -1.]
8.420002473030763e-10 [ 1. -1.  1.  0.  1.  1. -1.  0.  0.  1.  1.  1. -1. -1.  1.  1.  0. -1.
  1. -1.  0. -1. -1.]
8.420002473030763e-10 [ 1. -1.  1.  0.  1.  1. -1.  0.  0.  1.  1.  1. -1. -1.  1.  1.  0. -1.
  1. -1.  0. -1. -1.]
8.420002473030763e-10 [ 1. -1.  1.  0.  1.  1. -1.  0.  0.  1.  1.  1. -1. -1.  1.  1.  0. -1.
  1. -1.  0. -1. -1.]
8.420002473030763e-10 [ 1. -1.  1.  0.  1.  1. -1.  0.  0.  1.  1.  1. -1. -1.  1.  1.  0. -1.
  1. -1.  0. -1. -1.]
8.420002473030763e-10 [ 1. -1.  1.  0.  1.  1. -1.  0.  0.  1.  1.  1. -1. -1.  1.  1.  0. -1.
  1. -1.  0. -1. -1.]
8.420002473030763e-10 [ 1. -1.  1.  0.  1.  1. -1.  0.  0.  1.  1.  1. -1. -1.  1.  1.  0. -1.
  1. -1.  0. -1. -1.]
8.420002473030763e-10 [ 1. -1.  1.  0.  1.  1. -1.  0.  0.  1.  1.  1. -1. -1.  1.  1.  0. -1.
  1. -1.  0. -1. -1.]


