0 : 


1 : 
1.4142135623730951 [1.]


2 : 
1.4142135623730951 [1. 0.]
0.31783724519578205 [-1.  1.]


3 : 
0.8218544151266947 [-1.  0.  1.]
0.5040171699309126 [ 0. -1.  1.]
0.31783724519578205 [-1.  1.  0.]


4 : 
0.5040171699309126 [ 0. -1.  1.  0.]
0.31783724519578205 [-1.  1.  0.  0.]
0.21342176528338808 [ 0.  0. -1.  1.]
0.1044154799123942 [-1.  1.  1. -1.]


5 : 
0.21342176528338808 [ 0.  0. -1.  1.  0.]
0.19626156828141283 [ 0.  0.  0. -1.  1.]
0.1044154799123942 [-1.  1.  1. -1.  0.]
0.09184608836901864 [ 1. -1. -1.  0.  1.]
0.12157567691436988 [-1.  1.  0.  1. -1.]


6 : 
0.10441547991239375 [ 1.  1.  1. -1.  0. -1.]
0.09184608836901909 [-1. -1. -1.  0.  1.  1.]
0.09184608836901864 [ 1. -1. -1.  0.  1.  0.]
0.030745951601788946 [ 0.  0. -1.  1.  1. -1.]
0.0782603337692045 [ 1. -1. -1.  1. -1.  1.]
0.06110013676723014 [ 1. -1.  0. -1.  0.  1.]


7 : 
0.030745951601788946 [ 0.  0. -1.  1.  1. -1.  0.]
0.0260949337726899 [ 0.  1. -1. -1.  1. -1.  1.]
0.016013290226407406 [ 1. -1.  0.  0.  0. -1.  1.]
0.01473266137538154 [ 1.  1. -1.  1.  1. -1. -1.]
0.012509179172876195 [ 0.  1. -1.  0. -1.  0.  1.]
0.014732661375382428 [-1.  1. -1.  1.  1.  0. -1.]
0.016013290226406962 [-1. -1.  0.  0.  0.  0.  1.]


8 : 
0.016013290226407406 [ 1. -1.  0.  0.  0. -1.  1.  0.]
0.016013290226406962 [-1. -1.  0.  0.  0.  0.  1.  0.]
0.014732661375382428 [-1.  1. -1.  1.  1.  0. -1.  0.]
0.015819504321703093 [ 0. -1.  1.  0.  0.  1.  0. -1.]
0.012315393268171881 [ 1.  1.  0.  0. -1.  1.  0. -1.]
0.01473266137538154 [ 1.  1. -1.  1.  1. -1. -1.  0.]
0.012509179172876195 [ 0.  1. -1.  0. -1.  0.  1.  0.]
0.00019378590470431334 [-1.  0. -1.  0.  0. -1.  1.  1.]


9 : 
0.012509179172876195 [ 0.  1. -1.  0. -1.  0.  1.  0.  0.]
0.012315393268171881 [ 1.  1.  0.  0. -1.  1.  0. -1.  0.]
0.0018351915145959907 [-1. -1. -1.  1.  1.  0.  0. -1.  1.]
0.011958811136246084 [ 0.  1.  1.  1. -1.  0.  1. -1. -1.]
0.002815826314503056 [-1.  0.  1.  1. -1.  1. -1.  1. -1.]
0.0018351915145942144 [ 1. -1. -1.  1.  1. -1.  0. -1.  1.]
0.00035658213192846233 [ 1.  0. -1. -1.  0.  1. -1.  0.  1.]
0.002815826314503056 [-1.  0.  1.  1. -1.  1. -1.  1. -1.]
0.00019378590470431334 [-1.  0. -1.  0.  0. -1.  1.  1.  0.]


10 : 
0.001364950046632174 [-1.  0. -1.  1.  0. -1.  0. -1.  1.  1.]
0.001289069926119879 [ 1.  0.  1.  1. -1.  0.  0. -1.  1. -1.]
0.0012890699261216554 [-1.  0.  1.  1. -1.  1.  0. -1.  1. -1.]
0.0009446797957686215 [ 1. -1.  0.  0. -1.  1.  0.  0. -1.  1.]
0.00035658213192846233 [ 1.  0. -1. -1.  0.  1. -1.  0.  1.  0.]
0.00047024146796292854 [ 0. -1.  0.  0.  1.  1.  0.  0.  0. -1.]
0.0006640273726663537 [ 1. -1. -1.  0.  1. -1.  1.  1.  0. -1.]
0.00019378590470431334 [-1.  0. -1.  0.  0. -1.  1.  1.  0.  0.]
0.00011365933603713074 [ 1. -1.  1.  1.  1. -1.  1.  0. -1. -1.]
0.00011365933603535439 [-1. -1.  1.  1.  1.  0.  1.  0. -1. -1.]


11 : 
0.001364950046632174 [-1.  0. -1.  1.  0. -1.  0. -1.  1.  1.  0.]
0.0012890699261216554 [-1.  0.  1.  1. -1.  1.  0. -1.  1. -1.  0.]
0.0006640273726663537 [ 1. -1. -1.  0.  1. -1.  1.  1.  0. -1.  0.]
0.001289069926119879 [ 1.  0.  1.  1. -1.  0.  0. -1.  1. -1.  0.]
0.0009446797957686215 [ 1. -1.  0.  0. -1.  1.  0.  0. -1.  1.  0.]
0.00019378590470431334 [-1.  0. -1.  0.  0. -1.  1.  1.  0.  0.  0.]
0.00047024146796292854 [ 0. -1.  0.  0.  1.  1.  0.  0.  0. -1.  0.]
0.00011365933603713074 [ 1. -1.  1.  1.  1. -1.  1.  0. -1. -1.  0.]
0.00011365933603535439 [-1. -1.  1.  1.  1.  0.  1.  0. -1. -1.  0.]
0.0009437656456903198 [ 0.  1.  1. -1.  1.  0.  1. -1.  1. -1. -1.]
0.00035658213192846233 [ 1.  0. -1. -1.  0.  1. -1.  0.  1.  0.  0.]


12 : 
0.0005577595819197256 [ 0.  1.  0.  0.  0. -1. -1.  0. -1.  1.  0.  1.]
0.00047024146796292854 [ 0. -1.  0.  0.  1.  1.  0.  0.  0. -1.  0.  0.]
0.00030496943379532127 [ 1.  0.  1.  0. -1.  1. -1.  1. -1.  1.  0. -1.]
0.0001694688940094835 [ 0.  0. -1.  0. -1. -1.  1. -1.  0.  1.  0.  1.]
0.00035658213192846233 [ 1.  0. -1. -1.  0.  1. -1.  0.  1.  0.  0.  0.]
0.00024384291321943863 [ 0.  1. -1.  0.  1.  1.  1.  0.  1. -1. -1. -1.]
0.00011365933603713074 [ 1. -1.  1.  1.  1. -1.  1.  0. -1. -1.  0.  0.]
0.0001679132043967968 [ 1.  1.  1.  1. -1.  1.  1. -1. -1.  1. -1. -1.]
7.636281048206683e-05 [ 1.  1. -1. -1.  1.  1.  1.  0. -1. -1. -1.  1.]
0.00011365933603535439 [-1. -1.  1.  1.  1.  0.  1.  0. -1. -1.  0.  0.]
0.00030652512341333704 [ 0. -1. -1. -1. -1. -1. -1.  1.  0.  1.  1.  1.]
0.00019378590470431334 [-1.  0. -1.  0.  0. -1.  1.  1.  0.  0.  0.  0.]


13 : 
0.0001694688940094835 [ 0.  0. -1.  0. -1. -1.  1. -1.  0.  1.  0.  1.  0.]
0.0001679132043967968 [ 1.  1.  1.  1. -1.  1.  1. -1. -1.  1. -1. -1.  0.]
0.00011512926872114804 [ 1.  1. -1.  0. -1.  0. -1. -1.  1.  0. -1.  1.  1.]
0.00011512926871759532 [-1.  1. -1.  0. -1.  1. -1. -1.  1.  0. -1.  1.  1.]
0.00013944627941242516 [ 0.  1. -1.  0.  0.  0. -1.  1.  1. -1. -1.  0.  1.]
7.636281048206683e-05 [ 1.  1. -1. -1.  1.  1.  1.  0. -1. -1. -1.  1.  0.]
6.754152130383773e-05 [ 1. -1. -1.  1. -1.  1.  0. -1.  1.  1. -1.  1. -1.]
5.187857714261668e-05 [-1. -1. -1.  1.  0.  1.  0.  0.  0.  1. -1. -1.  1.]
9.185853200044392e-05 [ 0. -1. -1.  1.  0.  1.  0.  1.  1.  0. -1.  0. -1.]
0.00011365933603535439 [-1. -1.  1.  1.  1.  0.  1.  0. -1. -1.  0.  0.  0.]
0.00011365933603713074 [ 1. -1.  1.  1.  1. -1.  1.  0. -1. -1.  0.  0.  0.]
9.262702228340913e-06 [-1. -1.  1.  1.  0. -1. -1.  1. -1. -1.  0.  1.  1.]
5.187857714261668e-05 [-1. -1. -1.  1.  0.  1.  0.  0.  0.  1. -1. -1.  1.]


14 : 
5.7302417403093386e-05 [-1.  1. -1. -1. -1.  1. -1.  1.  0. -1.  1.  1.  1. -1.]
5.7302417403093386e-05 [-1.  1. -1. -1. -1.  1. -1.  1.  0. -1.  1.  1.  1. -1.]
5.305596924642941e-05 [ 1.  0. -1.  0.  1. -1. -1.  0. -1.  0.  1.  1.  1. -1.]
3.1179434941464024e-05 [-1. -1.  0.  1. -1.  1. -1.  1. -1.  1.  0.  0. -1.  1.]
5.305596924642941e-05 [ 1.  0. -1.  0.  1. -1. -1.  0. -1.  0.  1.  1.  1. -1.]
3.1179434941464024e-05 [-1. -1.  0.  1. -1.  1. -1.  1. -1.  1.  0.  0. -1.  1.]
5.187857714261668e-05 [-1. -1. -1.  1.  0.  1.  0.  0.  0.  1. -1. -1.  1.  0.]
9.262702228340913e-06 [-1. -1.  1.  1.  0. -1. -1.  1. -1. -1.  0.  1.  1.  0.]
3.0265284866715092e-05 [ 0.  1.  1.  0.  1. -1.  0.  0.  1. -1. -1.  0. -1.  1.]
9.066398925838826e-06 [-1.  0.  1.  1.  0.  1.  1.  1.  0.  0. -1. -1.  0. -1.]
1.525061176721465e-05 [ 0.  0. -1. -1.  1. -1. -1.  1.  0. -1.  1.  0.  0.  1.]
9.714669992888503e-06 [ 1. -1. -1.  0. -1.  1.  0.  1.  0.  0.  1.  1. -1. -1.]
9.066398925838826e-06 [-1.  0.  1.  1.  0.  1.  1.  1.  0.  0. -1. -1.  0. -1.]
5.187857714261668e-05 [-1. -1. -1.  1.  0.  1.  0.  0.  0.  1. -1. -1.  1.  0.]


15 : 
2.8647462681163915e-05 [-1.  1.  1.  0.  0. -1. -1. -1.  1.  1.  1.  0. -1.  1. -1.]
2.798913047286078e-05 [ 1.  0.  1. -1.  1. -1. -1.  1.  0.  1.  0.  0.  1. -1. -1.]
2.3560175989700838e-05 [ 0. -1. -1. -1. -1.  1.  1.  1.  1. -1.  0.  0.  0.  1. -1.]
2.798913047286078e-05 [ 1.  0.  1. -1.  1. -1. -1.  1.  0.  1.  0.  0.  1. -1. -1.]
2.6274965858164023e-05 [ 0.  0.  1.  0. -1.  0.  0.  1. -1. -1.  1. -1.  0.  0.  1.]
2.0585246581106276e-05 [ 1. -1.  0.  0.  1. -1.  1. -1.  1. -1.  0. -1. -1.  1.  1.]
9.066398925838826e-06 [-1.  0.  1.  1.  0.  1.  1.  1.  0.  0. -1. -1.  0. -1.  0.]
9.714669992888503e-06 [ 1. -1. -1.  0. -1.  1.  0.  1.  0.  0.  1.  1. -1. -1.  0.]
2.0585246581106276e-05 [ 1. -1.  0.  0.  1. -1.  1. -1.  1. -1.  0. -1. -1.  1.  1.]
9.262702228340913e-06 [-1. -1.  1.  1.  0. -1. -1.  1. -1. -1.  0.  1.  1.  0.  0.]
2.1689019050086245e-05 [ 1.  1.  0. -1. -1.  1.  1. -1.  0.  1.  0.  0. -1.  1. -1.]
2.277136630368659e-07 [-1. -1. -1.  1.  0.  1. -1.  1.  0.  1.  0. -1. -1.  0.  1.]
1.525061176721465e-05 [ 0.  0. -1. -1.  1. -1. -1.  1.  0. -1.  1.  0.  0.  1.  0.]
9.066398925838826e-06 [-1.  0.  1.  1.  0.  1.  1.  1.  0.  0. -1. -1.  0. -1.  0.]
2.277136630368659e-07 [-1. -1. -1.  1.  0.  1. -1.  1.  0.  1.  0. -1. -1.  0.  1.]


16 : 
9.048076201167987e-06 [ 1. -1.  0.  1. -1. -1.  0.  1.  0. -1.  1.  0.  0.  0.  1. -1.]
7.176919261553394e-06 [ 0.  1.  1.  1. -1.  0.  0. -1. -1.  1.  1.  0. -1.  0.  1. -1.]
9.04807619939163e-06 [-1. -1.  0.  1. -1.  0.  0.  1.  0. -1.  1.  0.  0.  0.  1. -1.]
5.0753159310801266e-06 [ 1.  0.  0. -1.  0.  1.  1.  0.  1.  0. -1.  0.  0. -1.  1. -1.]
4.462129396642922e-06 [ 0.  0. -1.  0. -1.  1.  1. -1.  1.  1.  0.  1. -1.  1. -1. -1.]
5.218964098219203e-06 [ 1.  1.  0.  1.  1. -1.  0.  0.  0.  1.  0.  0. -1.  0.  0. -1.]
5.21896409999556e-06 [-1.  1.  0.  1.  1.  0.  0.  0.  0.  1.  0.  0. -1.  0.  0. -1.]
3.847434829395979e-06 [ 0. -1.  1.  0. -1.  1.  1.  1.  0. -1. -1. -1.  1. -1.  0.  1.]
2.277136630368659e-07 [-1. -1. -1.  1.  0.  1. -1.  1.  0.  1.  0. -1. -1.  0.  1.  0.]
2.1462602717292611e-07 [ 0.  0.  1.  0.  1. -1. -1.  0. -1.  0. -1.  1.  1.  0. -1.  1.]
3.531967502468092e-06 [ 0.  0.  0. -1. -1. -1.  1. -1.  0.  1.  0.  1.  0. -1.  0.  1.]
2.277136630368659e-07 [-1. -1. -1.  1.  0.  1. -1.  1.  0.  1.  0. -1. -1.  0.  1.  0.]
9.570237331502085e-07 [-1. -1.  0.  0. -1.  1. -1. -1.  1.  0. -1.  0. -1.  1.  1.  1.]
4.4610741838368995e-06 [ 0.  1.  1. -1. -1.  0. -1.  1.  0. -1. -1.  1.  1.  0. -1.  1.]
9.570237367029222e-07 [ 1. -1.  0.  0. -1.  0. -1. -1.  1.  0. -1.  0. -1.  1.  1.  1.]
1.574012340910258e-06 [-1.  0. -1. -1.  1. -1.  1.  0.  1.  1. -1.  1.  0. -1. -1.  1.]


17 : 
4.462129396642922e-06 [ 0.  0. -1.  0. -1.  1.  1. -1.  1.  1.  0.  1. -1.  1. -1. -1.  0.]
4.4610741838368995e-06 [ 0.  1.  1.  1. -1.  0. -1.  1.  0. -1. -1.  1.  1.  0. -1.  1. -1.]
4.4610741838368995e-06 [ 0.  1.  1.  1. -1.  0. -1.  1.  0. -1. -1.  1.  1.  0. -1.  1. -1.]
3.847434829395979e-06 [ 0. -1.  1.  0. -1.  1.  1.  1.  0. -1. -1. -1.  1. -1.  0.  1.  0.]
9.570237331502085e-07 [-1. -1.  0.  0. -1.  1. -1. -1.  1.  0. -1.  0. -1.  1.  1.  1.  0.]
3.991082992982342e-06 [ 0.  0.  1.  0.  0. -1.  0.  1. -1.  0.  0. -1.  0.  0. -1.  1.  1.]
3.531967502468092e-06 [ 0.  0.  0. -1. -1. -1.  1. -1.  0.  1.  0.  1.  0. -1.  0.  1.  0.]
3.531967500691735e-06 [ 0.  0.  0.  1. -1. -1.  1. -1.  0.  1.  0.  1.  0. -1.  0.  1. -1.]
2.034991894106497e-06 [ 1.  1. -1. -1.  0.  1.  1. -1.  0.  1.  0. -1.  1.  1.  0. -1. -1.]
2.277136630368659e-07 [-1. -1. -1. -1.  0.  1. -1.  1.  0.  1.  0. -1. -1.  0.  1.  0.  1.]
2.277136630368659e-07 [-1. -1. -1. -1.  0.  1. -1.  1.  0.  1.  0. -1. -1.  0.  1.  0.  1.]
2.277136630368659e-07 [-1. -1. -1. -1.  0.  1. -1.  1.  0.  1.  0. -1. -1.  0.  1.  0.  1.]
2.277136630368659e-07 [-1. -1. -1. -1.  0.  1. -1.  1.  0.  1.  0. -1. -1.  0.  1.  0.  1.]
9.570237367029222e-07 [ 1. -1.  0.  0. -1.  0. -1. -1.  1.  0. -1.  0. -1.  1.  1.  1.  0.]
1.574012340910258e-06 [-1.  0. -1. -1.  1. -1.  1.  0.  1.  1. -1.  1.  0. -1. -1.  1.  0.]
1.5740123373575443e-06 [-1.  0. -1.  1.  1. -1.  1.  0.  1.  1. -1.  1.  0. -1. -1.  1. -1.]
2.1462602717292611e-07 [ 0.  0.  1.  0.  1. -1. -1.  0. -1.  0. -1.  1.  1.  0. -1.  1.  0.]


18 : 
6.143265878222337e-07 [-1.  1.  1. -1.  1.  0.  0.  0. -1.  0.  0. -1.  1. -1.  0. -1.  1.  1.]
3.129729648776447e-07 [ 0. -1.  1.  0.  0. -1.  1. -1.  1.  1.  1.  0. -1. -1.  0.  0. -1.  1.]
2.9983158000845833e-07 [-1. -1.  0. -1.  0.  1. -1.  0. -1.  1. -1.  0.  1.  0. -1.  0.  1.  1.]
2.277136630368659e-07 [-1. -1. -1. -1.  0.  1. -1.  1.  0.  1.  0. -1. -1.  0.  1.  0.  1.  0.]
2.9983158000845833e-07 [-1. -1.  0. -1.  0.  1. -1.  0. -1.  1. -1.  0.  1.  0. -1.  0.  1.  1.]
2.277136630368659e-07 [-1. -1. -1. -1.  0.  1. -1.  1.  0.  1.  0. -1. -1.  0.  1.  0.  1.  0.]
2.9983157645574465e-07 [ 1. -1.  0. -1.  0.  0. -1.  0. -1.  1. -1.  0.  1.  0. -1.  0.  1.  1.]
1.5967930266924668e-07 [ 1. -1. -1. -1. -1. -1.  1.  0. -1.  0. -1.  0.  0.  0.  0.  1.  1.  1.]
2.1462602717292611e-07 [ 0.  0.  1.  0.  1. -1. -1.  0. -1.  0. -1.  1.  1.  0. -1.  1.  0.  0.]
2.9983157645574465e-07 [ 1. -1.  0. -1.  0.  0. -1.  0. -1.  1. -1.  0.  1.  0. -1.  0.  1.  1.]
1.59679299116533e-07 [-1. -1. -1.  1. -1.  0.  1.  0. -1.  0. -1.  0.  0.  0.  0.  1.  0.  1.]
1.5967930266924668e-07 [ 1. -1. -1. -1. -1. -1.  1.  0. -1.  0. -1.  0.  0.  0.  0.  1.  1.  1.]
8.520554928281854e-08 [ 1. -1. -1. -1. -1.  1.  0.  0.  0.  1.  0. -1.  0.  0.  0. -1.  1.  1.]
2.277136630368659e-07 [-1. -1. -1. -1.  0.  1. -1.  1.  0.  1.  0. -1. -1.  0.  1.  0.  1.  0.]
2.277136630368659e-07 [-1. -1. -1. -1.  0.  1. -1.  1.  0.  1.  0. -1. -1.  0.  1.  0.  1.  0.]
1.4250811197769053e-07 [ 0.  0.  0.  0.  1. -1. -1.  1.  0.  0.  0.  0. -1.  0.  1.  1.  0. -1.]
8.520554928281854e-08 [ 1. -1. -1. -1. -1.  1.  0.  0.  0.  1.  0. -1.  0.  0.  0. -1.  1.  1.]
1.5967930266924668e-07 [ 1. -1. -1. -1. -1. -1.  1.  0. -1.  0. -1.  0.  0.  0.  0.  1.  1.  1.]


19 : 
2.9983157645574465e-07 [ 1. -1.  0. -1.  0.  0. -1.  0. -1.  1. -1.  0.  1.  0. -1.  0.  1.  1.
  0.]
2.9983157645574465e-07 [ 1. -1.  0. -1.  0.  0. -1.  0. -1.  1. -1.  0.  1.  0. -1.  0.  1.  1.
  0.]
2.277136630368659e-07 [-1. -1. -1. -1.  0.  1. -1.  1.  0.  1.  0. -1. -1.  0.  1.  0.  1.  0.
  0.]
2.492577362289694e-07 [ 0.  0. -1.  0.  0.  1.  0.  0. -1.  0.  1.  1.  0. -1.  0.  1.  0.  0.
 -1.]
2.343838083618266e-07 [ 0.  0.  0.  0. -1.  0.  1. -1. -1.  1.  0.  1.  1.  1.  1. -1.  0. -1.
 -1.]
2.1454118837027636e-07 [ 0.  1. -1. -1.  1.  1.  1. -1.  1.  1. -1.  1. -1.  0.  1.  0.  0. -1.
 -1.]
1.5967930266924668e-07 [ 1. -1. -1. -1. -1. -1.  1.  0. -1.  0. -1.  0.  0.  0.  0.  1.  1.  1.
  0.]
2.277136630368659e-07 [-1. -1. -1. -1.  0.  1. -1.  1.  0.  1.  0. -1. -1.  0.  1.  0.  1.  0.
  0.]
2.277136630368659e-07 [-1. -1. -1. -1.  0.  1. -1.  1.  0.  1.  0. -1. -1.  0.  1.  0.  1.  0.
  0.]
2.1454118481756268e-07 [ 0.  1. -1.  1.  1.  1.  1. -1.  1.  1. -1.  1. -1.  0.  1.  0. -1. -1.
 -1.]
2.277136630368659e-07 [-1. -1. -1. -1.  0.  1. -1.  1.  0.  1.  0. -1. -1.  0.  1.  0.  1.  0.
  0.]
1.2050797337792574e-07 [-1. -1. -1.  0.  0. -1. -1. -1.  1. -1.  1. -1.  1. -1. -1.  1.  1.  1.
  1.]
8.520554928281854e-08 [ 1. -1. -1. -1. -1.  1.  0.  0.  0.  1.  0. -1.  0.  0.  0. -1.  1.  1.
  0.]
1.4250811197769053e-07 [ 0.  0.  0.  0.  1. -1. -1.  1.  0.  0.  0.  0. -1.  0.  1.  1.  0. -1.
  0.]
8.520554928281854e-08 [ 1. -1. -1. -1. -1.  1.  0.  0.  0.  1.  0. -1.  0.  0.  0. -1.  1.  1.
  0.]
1.5967930266924668e-07 [ 1. -1. -1. -1. -1. -1.  1.  0. -1.  0. -1.  0.  0.  0.  0.  1.  1.  1.
  0.]
2.1462602717292611e-07 [ 0.  0.  1.  0.  1. -1. -1.  0. -1.  0. -1.  1.  1.  0. -1.  1.  0.  0.
  0.]
1.5967930266924668e-07 [ 1. -1. -1. -1. -1. -1.  1.  0. -1.  0. -1.  0.  0.  0.  0.  1.  1.  1.
  0.]
1.59679299116533e-07 [-1. -1. -1.  1. -1.  0.  1.  0. -1.  0. -1.  0.  0.  0.  0.  1.  0.  1.
  0.]


20 : 
1.848932207337839e-07 [ 1.  1. -1.  0.  0. -1.  0.  0. -1.  1. -1.  1. -1.  0. -1.  0.  0.  0.
  1.  1.]
1.848932207337839e-07 [ 1.  1. -1.  0.  0. -1.  0.  0. -1.  1. -1.  1. -1.  0. -1.  0.  0.  0.
  1.  1.]
1.7560118692472315e-07 [ 0. -1.  1.  0. -1.  1.  0. -1. -1. -1.  1.  0.  0. -1. -1.  1.  0.  0.
  1.  1.]
1.6588827023156227e-07 [ 1. -1.  1. -1.  1. -1. -1. -1. -1.  0. -1.  0.  0.  0.  1.  1.  1. -1.
  0.  1.]
1.6588827023156227e-07 [ 1. -1.  1. -1.  1. -1. -1. -1. -1.  0. -1.  0.  0.  0.  1.  1.  1. -1.
  0.  1.]
1.6588827023156227e-07 [ 1. -1.  1. -1.  1. -1. -1. -1. -1.  0. -1.  0.  0.  0.  1.  1.  1. -1.
  0.  1.]
8.520554928281854e-08 [ 1. -1. -1. -1. -1.  1.  0.  0.  0.  1.  0. -1.  0.  0.  0. -1.  1.  1.
  0.  0.]
1.5967930266924668e-07 [ 1. -1. -1. -1. -1. -1.  1.  0. -1.  0. -1.  0.  0.  0.  0.  1.  1.  1.
  0.  0.]
1.5967930266924668e-07 [ 1. -1. -1. -1. -1. -1.  1.  0. -1.  0. -1.  0.  0.  0.  0.  1.  1.  1.
  0.  0.]
1.5967930266924668e-07 [ 1. -1. -1. -1. -1. -1.  1.  0. -1.  0. -1.  0.  0.  0.  0.  1.  1.  1.
  0.  0.]
1.658882666788486e-07 [-1. -1.  1. -1.  1.  0. -1. -1. -1.  0. -1.  0.  0.  0.  1.  1.  1. -1.
  0.  1.]
1.2050797337792574e-07 [-1. -1. -1.  0.  0. -1. -1. -1.  1. -1.  1. -1.  1. -1. -1.  1.  1.  1.
  1.  0.]
8.520554928281854e-08 [ 1. -1. -1. -1. -1.  1.  0.  0.  0.  1.  0. -1.  0.  0.  0. -1.  1.  1.
  0.  0.]
7.817685698796595e-08 [ 0. -1. -1.  1.  0. -1.  1. -1.  0.  0.  0.  0.  0.  0.  1.  0.  0.  0.
  1. -1.]
7.817686054067963e-08 [ 0. -1. -1. -1.  0. -1.  1. -1.  0.  0.  0.  0.  0.  0.  1.  0.  1.  0.
  1. -1.]
1.59679299116533e-07 [-1. -1. -1.  1. -1.  0.  1.  0. -1.  0. -1.  0.  0.  0.  0.  1.  0.  1.
  0.  0.]
4.793935914904068e-09 [ 0.  1. -1.  0.  0.  0. -1.  1. -1.  0.  0.  1. -1.  1.  1. -1.  0.  1.
  0. -1.]
1.4250811197769053e-07 [ 0.  0.  0.  0.  1. -1. -1.  1.  0.  0.  0.  0. -1.  0.  1.  1.  0. -1.
  0.  0.]
8.150244212856705e-08 [-1.  0.  0.  0. -1.  1.  0.  1. -1.  0. -1.  0.  0.  0. -1.  1.  0.  1.
 -1.  1.]
8.150244212856705e-08 [-1.  0.  0.  0. -1.  1.  0.  1. -1.  0. -1.  0.  0.  0. -1.  1.  0.  1.
 -1.  1.]


21 : 
7.817685698796595e-08 [ 0. -1. -1.  1.  0. -1.  1. -1.  0.  0.  0.  0.  0.  0.  1.  0.  0.  0.
  1. -1.  0.]
5.173080808162922e-08 [-1.  1.  1. -1. -1.  0. -1.  1.  1.  1.  0. -1.  1.  1. -1.  0. -1.  1.
 -1.  1. -1.]
5.173081518705658e-08 [ 1.  1.  1. -1. -1. -1. -1.  1.  1.  1.  0. -1.  1.  1. -1.  0. -1.  1.
 -1.  1. -1.]
3.3848653657742034e-08 [ 0.  0. -1.  1. -1. -1.  0.  1.  0. -1.  0.  0.  0.  0. -1.  0.  1.  0.
  0.  0.  1.]
4.765379557625238e-08 [ 1.  0.  1. -1.  0.  1.  0.  0. -1.  1. -1.  0.  0.  0.  0.  1. -1.  1.
 -1.  1. -1.]
4.401675113285819e-08 [ 1.  0.  1.  1.  1. -1. -1.  0. -1.  1.  0. -1. -1. -1.  1. -1.  1.  1.
 -1.  0.  1.]
2.933106912905714e-08 [-1. -1.  0. -1. -1.  1. -1.  0. -1.  0.  1.  1.  0.  1.  1.  0. -1.  1.
 -1.  1. -1.]
2.954663713694572e-08 [-1.  0.  1.  0.  0.  1.  0. -1.  1.  0.  0.  0. -1.  0. -1. -1.  1.  1.
  0.  1. -1.]
2.90780732825624e-08 [ 1.  0.  1.  0.  0. -1.  0.  1. -1.  1. -1.  0.  1. -1.  0. -1.  1.  0.
  1.  0. -1.]
4.401674402743083e-08 [-1.  0.  1.  1.  1.  0. -1.  0. -1.  1.  0. -1. -1. -1.  1. -1.  1.  1.
 -1.  0.  1.]
2.954663358423204e-08 [ 1.  0.  1.  0.  0.  0.  0. -1.  1.  0.  0.  0. -1.  0. -1. -1.  1.  1.
  0.  1. -1.]
9.087273156183073e-09 [ 1.  0.  1.  1. -1.  0.  1. -1. -1.  0.  0. -1.  1.  1. -1.  1. -1.  0.
 -1.  0.  1.]
1.4292876215904471e-08 [ 0. -1.  0.  0.  1.  0. -1. -1.  0.  0. -1.  1.  0. -1.  1. -1.  1.  0.
  1.  1. -1.]
9.087280261610431e-09 [-1.  0.  1.  1. -1.  1.  1. -1. -1.  0.  0. -1.  1.  1. -1.  1. -1.  0.
 -1.  0.  1.]
2.9331065576343462e-08 [ 1. -1.  0. -1. -1.  0. -1.  0. -1.  0.  1.  1.  0.  1.  1.  0. -1.  1.
 -1.  1. -1.]
9.087280261610431e-09 [-1.  0.  1.  1. -1.  1.  1. -1. -1.  0.  0. -1.  1.  1. -1.  1. -1.  0.
 -1.  0.  1.]
1.5954931598116673e-08 [ 0.  1. -1.  0. -1.  1. -1. -1.  0. -1.  0.  0.  1.  0. -1.  0. -1.  1.
  1.  0.  1.]
2.9078066177135042e-08 [-1.  0.  1.  0.  0.  0.  0.  1. -1.  1. -1.  0.  1. -1.  0. -1.  1.  0.
  1.  0. -1.]
2.6376177686415758e-08 [-1. -1.  1.  1.  1. -1. -1.  1.  1.  0.  1. -1.  0. -1. -1.  1.  1.  0.
 -1.  1. -1.]
9.087273156183073e-09 [ 1.  0.  1.  1. -1.  0.  1. -1. -1.  0.  0. -1.  1.  1. -1.  1. -1.  0.
 -1.  0.  1.]
4.793935914904068e-09 [ 0.  1. -1.  0.  0.  0. -1.  1. -1.  0.  0.  1. -1.  1.  1. -1.  0.  1.
  0. -1.  0.]


22 : 
2.933106912905714e-08 [-1. -1.  0. -1. -1.  1. -1.  0. -1.  0.  1.  1.  0.  1.  1.  0. -1.  1.
 -1.  1. -1.  0.]
2.9331065576343462e-08 [ 1. -1.  0. -1. -1.  0. -1.  0. -1.  0.  1.  1.  0.  1.  1.  0. -1.  1.
 -1.  1. -1.  0.]
2.6376177686415758e-08 [-1. -1.  1.  1.  1. -1. -1.  1.  1.  0.  1. -1.  0. -1. -1.  1.  1.  0.
 -1.  1. -1.  0.]
2.90780732825624e-08 [ 1.  0.  1.  0.  0. -1.  0.  1. -1.  1. -1.  0.  1. -1.  0. -1.  1.  0.
  1.  0. -1.  0.]
2.9078066177135042e-08 [-1.  0.  1.  0.  0.  0.  0.  1. -1.  1. -1.  0.  1. -1.  0. -1.  1.  0.
  1.  0. -1.  0.]
1.961677043027521e-08 [ 1. -1.  0.  0.  1. -1. -1.  1.  1. -1.  0.  1. -1. -1.  0. -1.  1.  1.
 -1.  1.  1. -1.]
2.3016855976720763e-08 [ 0.  1. -1. -1.  1. -1.  0.  1. -1.  1.  0. -1.  1.  0. -1.  1.  0.  1.
  1. -1.  0. -1.]
2.785359498602702e-08 [-1.  0. -1. -1. -1. -1. -1.  1.  1.  0. -1.  0. -1.  0.  0.  1. -1.  0.
  1.  1.  0.  1.]
1.8013199820643422e-08 [ 0.  1.  0. -1. -1.  0.  1. -1. -1.  1.  0.  1.  0. -1.  0.  1.  1.  1.
  0. -1.  0. -1.]
1.961677043027521e-08 [ 1. -1.  0.  0.  1. -1. -1.  1.  1. -1.  0.  1. -1. -1.  0. -1.  1.  1.
 -1.  1.  1. -1.]
2.3016852424007084e-08 [ 0.  1. -1.  1.  1. -1.  0.  1. -1.  1.  0. -1.  1.  0. -1.  1. -1.  1.
  1. -1.  0. -1.]
1.5954931598116673e-08 [ 0.  1. -1.  0. -1.  1. -1. -1.  0. -1.  0.  0.  1.  0. -1.  0. -1.  1.
  1.  0.  1.  0.]
4.793935914904068e-09 [ 0.  1. -1.  0.  0.  0. -1.  1. -1.  0.  0.  1. -1.  1.  1. -1.  0.  1.
  0. -1.  0.  0.]
9.087273156183073e-09 [ 1.  0.  1.  1. -1.  0.  1. -1. -1.  0.  0. -1.  1.  1. -1.  1. -1.  0.
 -1.  0.  1.  0.]
9.479542484314152e-09 [-1.  1.  1. -1.  1. -1.  0.  0.  0. -1.  0.  1.  1. -1.  0.  0. -1.  1.
  1. -1.  1. -1.]
8.420073527304339e-10 [-1. -1.  1.  0.  1.  0. -1.  0.  0.  1.  1.  1. -1. -1.  1.  1.  0. -1.
  1. -1.  0. -1.]
1.4292876215904471e-08 [ 0. -1.  0.  0.  1.  0. -1. -1.  0.  0. -1.  1.  0. -1.  1. -1.  1.  0.
  1.  1. -1.  0.]
9.087273156183073e-09 [ 1.  0.  1.  1. -1.  0.  1. -1. -1.  0.  0. -1.  1.  1. -1.  1. -1.  0.
 -1.  0.  1.  0.]
9.087280261610431e-09 [-1.  0.  1.  1. -1.  1.  1. -1. -1.  0.  0. -1.  1.  1. -1.  1. -1.  0.
 -1.  0.  1.  0.]
8.420002473030763e-10 [ 1. -1.  1.  0.  1. -1. -1.  0.  0.  1.  1.  1. -1. -1.  1.  1.  0. -1.
  1. -1.  0. -1.]
1.8013199820643422e-08 [ 0.  1.  0. -1. -1.  0.  1. -1. -1.  1.  0.  1.  0. -1.  0.  1.  1.  1.
  0. -1.  0. -1.]
9.087280261610431e-09 [-1.  0.  1.  1. -1.  1.  1. -1. -1.  0.  0. -1.  1.  1. -1.  1. -1.  0.
 -1.  0.  1.  0.]


23 : 
1.1507065522664561e-08 [ 1.  0. -1. -1.  0.  0.  1.  0.  1.  0. -1.  0.  0.  1. -1. -1.  0.  1.
  0. -1.  1. -1.  1.]
9.47954958974151e-09 [ 1.  1.  1. -1.  1.  0.  0.  0.  0. -1.  0.  1.  1. -1.  0.  0. -1.  1.
  1. -1.  1. -1. -1.]
9.479542484314152e-09 [-1.  1.  1. -1.  1.  1.  0.  0.  0. -1.  0.  1.  1. -1.  0.  0. -1.  1.
  1. -1.  1. -1. -1.]
9.087276708896752e-09 [-1.  0.  1. -1. -1. -1.  1. -1. -1.  0.  0. -1.  1.  1. -1.  1.  0.  0.
 -1.  0.  1.  0.  1.]
9.087280261610431e-09 [-1.  0.  1.  1. -1. -1.  1. -1. -1.  0.  0. -1.  1.  1. -1.  1. -1.  0.
 -1.  0.  1.  0.  1.]
9.479542484314152e-09 [-1.  1.  1. -1.  1.  1.  0.  0.  0. -1.  0.  1.  1. -1.  0.  0. -1.  1.
  1. -1.  1. -1. -1.]
9.087280261610431e-09 [-1.  0.  1.  1. -1. -1.  1. -1. -1.  0.  0. -1.  1.  1. -1.  1. -1.  0.
 -1.  0.  1.  0.  1.]
6.995641399498709e-09 [ 1. -1.  0.  0.  1. -1. -1. -1. -1. -1.  0.  1.  0.  0. -1.  1.  1.  0.
  1. -1.  1.  1. -1.]
9.087273156183073e-09 [ 1.  0.  1.  1. -1.  0.  1. -1. -1.  0.  0. -1.  1.  1. -1.  1. -1.  0.
 -1.  0.  1.  0.  0.]
9.087273156183073e-09 [ 1.  0.  1.  1. -1.  0.  1. -1. -1.  0.  0. -1.  1.  1. -1.  1. -1.  0.
 -1.  0.  1.  0.  0.]
6.995641399498709e-09 [ 1. -1.  0.  0.  1. -1. -1. -1. -1. -1.  0.  1.  0.  0. -1.  1.  1.  0.
  1. -1.  1.  1. -1.]
7.028688742138911e-09 [-1.  0.  0.  0. -1.  1. -1.  1.  0.  1.  0. -1.  0.  0. -1. -1.  0.  1.
 -1.  1.  0.  0.  1.]
8.420002473030763e-10 [ 1. -1.  1.  0.  1.  1. -1.  0.  0.  1.  1.  1. -1. -1.  1.  1.  0. -1.
  1. -1.  0. -1. -1.]
9.087280261610431e-09 [-1.  0.  1.  1. -1. -1.  1. -1. -1.  0.  0. -1.  1.  1. -1.  1. -1.  0.
 -1.  0.  1.  0.  1.]
8.420073527304339e-10 [-1. -1.  1.  0.  1.  0. -1.  0.  0.  1.  1.  1. -1. -1.  1.  1.  0. -1.
  1. -1.  0. -1.  0.]
6.143789477164319e-09 [ 0.  1.  0.  0.  0. -1. -1.  1. -1. -1.  1. -1.  0.  0.  1.  1.  1.  0.
  1. -1.  0.  0. -1.]
2.514138230935714e-09 [ 0. -1.  1.  1.  1. -1.  0.  0.  1.  1. -1.  1.  0.  0.  0.  0. -1. -1.
  1.  0. -1.  1. -1.]
4.133269726480648e-09 [ 1. -1.  1.  0.  0. -1. -1.  1.  1.  0. -1.  0.  0. -1.  0. -1.  0.  0.
  1.  1.  1.  0. -1.]
8.420002473030763e-10 [ 1. -1.  1.  0.  1.  1. -1.  0.  0.  1.  1.  1. -1. -1.  1.  1.  0. -1.
  1. -1.  0. -1. -1.]
2.514138230935714e-09 [ 0. -1.  1.  1.  1. -1.  0.  0.  1.  1. -1.  1.  0.  0.  0.  0. -1. -1.
  1.  0. -1.  1. -1.]
7.028695847566269e-09 [ 1.  0.  0.  0. -1.  0. -1.  1.  0.  1.  0. -1.  0.  0. -1. -1.  0.  1.
 -1.  1.  0.  0.  1.]
4.793935914904068e-09 [ 0.  1. -1.  0.  0.  0. -1.  1. -1.  0.  0.  1. -1.  1.  1. -1.  0.  1.
  0. -1.  0.  0.  0.]
4.133269726480648e-09 [ 1. -1.  1.  0.  0. -1. -1.  1.  1.  0. -1.  0.  0. -1.  0. -1.  0.  0.
  1.  1.  1.  0. -1.]


24 : 
5.068265807040007e-09 [ 1.  0. -1. -1. -1.  0.  1. -1. -1.  1.  1.  0.  1.  1.  0.  0.  1.  1.
  0. -1.  1. -1. -1. -1.]
5.068265807040007e-09 [ 1.  0. -1. -1. -1.  0.  1. -1. -1.  1.  1.  0.  1.  1.  0.  0.  1.  1.
  0. -1.  1. -1. -1. -1.]
5.068258701612649e-09 [-1.  0. -1. -1. -1.  1.  1. -1. -1.  1.  1.  0.  1.  1.  0.  0.  1.  1.
  0. -1.  1. -1. -1. -1.]
4.558501132123638e-09 [ 1.  1.  0.  0. -1.  1.  0.  0. -1.  1. -1.  0. -1. -1.  0.  1.  0.  1.
  1. -1.  1.  1. -1. -1.]
5.068258701612649e-09 [-1.  0. -1. -1. -1.  1.  1. -1. -1.  1.  1.  0.  1.  1.  0.  0.  1.  1.
  0. -1.  1. -1. -1. -1.]
4.133269726480648e-09 [ 1. -1.  1.  0.  0. -1. -1.  1.  1.  0. -1.  0.  0. -1.  0. -1.  0.  0.
  1.  1.  1.  0. -1.  0.]
4.558501132123638e-09 [ 1.  1.  0.  0. -1.  1.  0.  0. -1.  1. -1.  0. -1. -1.  0.  1.  0.  1.
  1. -1.  1.  1. -1. -1.]
4.133269726480648e-09 [ 1. -1.  1.  0.  0. -1. -1.  1.  1.  0. -1.  0.  0. -1.  0. -1.  0.  0.
  1.  1.  1.  0. -1.  0.]
4.558497579409959e-09 [-1.  1.  0.  0. -1.  0.  0.  0. -1.  1. -1.  0. -1. -1.  0.  1.  0.  1.
  1. -1.  1.  1.  0. -1.]
4.793935914904068e-09 [ 0.  1. -1.  0.  0.  0. -1.  1. -1.  0.  0.  1. -1.  1.  1. -1.  0.  1.
  0. -1.  0.  0.  0.  0.]
2.7651338996292907e-09 [-1.  1.  0. -1. -1.  1.  0.  0. -1.  1.  0.  1.  1.  1.  1. -1.  0.  0.
  1. -1. -1. -1. -1.  1.]
2.765126794201933e-09 [-1.  1.  0.  1. -1.  1.  0.  0. -1.  1.  0.  1.  1.  1.  1. -1. -1.  0.
  1. -1. -1. -1. -1.  1.]
3.787903324337094e-11 [ 1. -1. -1.  1.  0.  1.  0. -1.  0.  0. -1.  1. -1. -1.  1.  1.  1.  0.
 -1. -1.  0.  1.  1. -1.]
2.514138230935714e-09 [ 0. -1.  1.  1.  1. -1.  0.  0.  1.  1. -1.  1.  0.  0.  0.  0. -1. -1.
  1.  0. -1.  1. -1.  0.]
8.420073527304339e-10 [-1. -1.  1.  0.  1.  0. -1.  0.  0.  1.  1.  1. -1. -1.  1.  1.  0. -1.
  1. -1.  0. -1.  0.  0.]
8.420002473030763e-10 [ 1. -1.  1.  0.  1.  1. -1.  0.  0.  1.  1.  1. -1. -1.  1.  1.  0. -1.
  1. -1.  0. -1. -1.  0.]
2.514138230935714e-09 [ 0. -1.  1.  1.  1. -1.  0.  0.  1.  1. -1.  1.  0.  0.  0.  0. -1. -1.
  1.  0. -1.  1. -1.  0.]
1.1948486644541845e-10 [ 0.  1.  1.  0.  1. -1. -1.  0.  0.  0.  0.  1. -1. -1.  1.  1.  0.  0.
 -1.  1.  0. -1. -1.  1.]
1.954624906375102e-09 [ 0. -1. -1.  1.  0. -1.  1.  0. -1.  1. -1. -1.  1. -1.  0.  0.  1.  1.
  1.  1. -1.  1. -1. -1.]
2.7651338996292907e-09 [-1.  1.  0. -1. -1.  1.  0.  0. -1.  1.  0.  1.  1.  1.  1. -1.  0.  0.
  1. -1. -1. -1. -1.  1.]
2.765126794201933e-09 [-1.  1.  0.  1. -1.  1.  0.  0. -1.  1.  0.  1.  1.  1.  1. -1. -1.  0.
  1. -1. -1. -1. -1.  1.]
2.7651338996292907e-09 [-1.  1.  0. -1. -1.  1.  0.  0. -1.  1.  0.  1.  1.  1.  1. -1.  0.  0.
  1. -1. -1. -1. -1.  1.]
2.7651338996292907e-09 [-1.  1.  0. -1. -1.  1.  0.  0. -1.  1.  0.  1.  1.  1.  1. -1.  0.  0.
  1. -1. -1. -1. -1.  1.]
8.420002473030763e-10 [ 1. -1.  1.  0.  1.  1. -1.  0.  0.  1.  1.  1. -1. -1.  1.  1.  0. -1.
  1. -1.  0. -1. -1.  0.]


25 : 
1.419827810877905e-09 [-1. -1.  1. -1.  1. -1. -1.  1. -1.  0.  0.  1.  1.  1.  1.  1. -1. -1.
  0. -1.  0.  0.  1.  0. -1.]
1.350766609675702e-09 [ 0.  1.  1.  0. -1.  0.  0. -1. -1.  0.  1.  0.  0.  0. -1.  0. -1. -1.
  1.  0.  1.  1. -1.  0.  1.]
1.4198207054505474e-09 [-1. -1.  1. -1.  1.  1. -1.  1. -1.  0.  0.  1.  1.  1.  1.  1. -1. -1.
  0. -1.  0.  0.  0.  0. -1.]
8.420002473030763e-10 [ 1. -1.  1.  0.  1.  1. -1.  0.  0.  1.  1.  1. -1. -1.  1.  1.  0. -1.
  1. -1.  0. -1. -1.  0.  0.]
8.787459648829099e-10 [-1. -1. -1. -1. -1. -1.  0.  0.  0.  1.  0.  1.  0.  0.  1.  0. -1.  0.
  0.  1. -1.  1. -1.  0.  1.]
8.614833291176183e-10 [ 1.  1.  1.  0.  0.  1.  1.  1.  1. -1.  1. -1. -1.  1. -1. -1.  0.  1.
 -1. -1. -1.  0. -1.  1.  1.]
7.290950065907964e-10 [ 1.  0. -1. -1.  0.  0. -1.  1.  0. -1. -1.  1. -1.  1. -1.  1.  0.  0.
  0. -1.  0. -1.  1.  1.  1.]
8.179199539881665e-10 [ 0.  1.  1.  1.  1. -1.  1.  1.  0. -1.  1. -1.  0. -1. -1.  0. -1.  1.
  0.  0.  0. -1. -1.  1.  1.]
7.886313824201352e-10 [ 0. -1.  0.  0.  0.  1.  1. -1.  1. -1.  1. -1. -1. -1.  1.  1.  0.  1.
  1. -1.  1.  0. -1.  0. -1.]
8.614904345449759e-10 [ 1.  1.  1.  0.  0. -1.  1.  1.  1. -1.  1. -1. -1.  1. -1. -1.  0.  1.
 -1. -1. -1.  0.  0.  1.  1.]
8.420002473030763e-10 [ 1. -1.  1.  0.  1.  1. -1.  0.  0.  1.  1.  1. -1. -1.  1.  1.  0. -1.
  1. -1.  0. -1. -1.  0.  0.]
8.614833291176183e-10 [ 1.  1.  1.  0.  0.  1.  1.  1.  1. -1.  1. -1. -1.  1. -1. -1.  0.  1.
 -1. -1. -1.  0. -1.  1.  1.]
3.787903324337094e-11 [ 1. -1. -1.  1.  0.  1.  0. -1.  0.  0. -1.  1. -1. -1.  1.  1.  1.  0.
 -1. -1.  0.  1.  1. -1.  0.]
4.83865392197913e-10 [ 0.  1.  0.  1. -1.  0.  1. -1.  0. -1.  0.  1.  1.  1. -1. -1.  1.  1.
  0. -1.  0.  0.  0.  0. -1.]
1.8829382497642655e-12 [ 0.  0.  1.  0. -1.  0. -1. -1.  1.  1. -1.  0.  0.  0. -1. -1. -1. -1.
 -1.  1.  1.  0.  1.  1.  1.]
7.886313824201352e-10 [ 0. -1.  0.  0.  0.  1.  1. -1.  1. -1.  1. -1. -1. -1.  1.  1.  0.  1.
  1. -1.  1.  0. -1.  0. -1.]
3.7339020764193265e-11 [-1. -1.  1.  0. -1.  1. -1.  0.  1. -1.  0.  1. -1.  0. -1.  1.  1.  1.
  1. -1. -1.  1. -1.  1. -1.]
3.7339020764193265e-11 [-1. -1.  1.  0. -1.  1. -1.  0.  1. -1.  0.  1. -1.  0. -1.  1.  1.  1.
  1. -1. -1.  1. -1.  1. -1.]
1.1948486644541845e-10 [ 0.  1.  1.  0.  1. -1. -1.  0.  0.  0.  0.  1. -1. -1.  1.  1.  0.  0.
 -1.  1.  0. -1. -1.  1.  0.]
7.290879011634388e-10 [-1.  0. -1.  1.  0.  1. -1.  1.  0. -1. -1.  1. -1.  1. -1.  1. -1.  0.
  0. -1.  0. -1.  1.  1.  1.]
8.420073527304339e-10 [-1. -1.  1.  0.  1.  0. -1.  0.  0.  1.  1.  1. -1. -1.  1.  1.  0. -1.
  1. -1.  0. -1.  0.  0.  0.]
3.7339020764193265e-11 [-1. -1.  1.  0. -1.  1. -1.  0.  1. -1.  0.  1. -1.  0. -1.  1.  1.  1.
  1. -1. -1.  1. -1.  1. -1.]
8.179199539881665e-10 [ 0.  1.  1.  1.  1. -1.  1.  1.  0. -1.  1. -1.  0. -1. -1.  0. -1.  1.
  0.  0.  0. -1. -1.  1.  1.]
7.290879011634388e-10 [-1.  0. -1.  1.  0.  1. -1.  1.  0. -1. -1.  1. -1.  1. -1.  1. -1.  0.
  0. -1.  0. -1.  1.  1.  1.]
7.290879011634388e-10 [-1.  0. -1.  1.  0.  1. -1.  1.  0. -1. -1.  1. -1.  1. -1.  1. -1.  0.
  0. -1.  0. -1.  1.  1.  1.]


26 : 
5.54919665773923e-10 [ 0.  0.  0.  1. -1.  0.  1.  1.  1. -1. -1.  0. -1. -1. -1.  0. -1.  0.
  0.  1.  1.  1.  1. -1.  1. -1.]
5.388116619542416e-10 [ 1. -1.  0. -1.  0.  0.  0.  0. -1.  1.  1.  0.  1.  0.  1.  0. -1.  0.
  0.  0. -1.  0.  0.  0. -1.  1.]
3.349072130731656e-10 [-1. -1.  0. -1.  0.  1.  1.  0.  1.  1.  1.  0.  1.  0.  0. -1. -1.  1.
 -1.  0.  1.  0. -1.  1. -1. -1.]
4.83865392197913e-10 [ 0.  1.  0.  1. -1.  0.  1. -1.  0. -1.  0.  1.  1.  1. -1. -1.  1.  1.
  0. -1.  0.  0.  0.  0. -1.  0.]
5.388081092405628e-10 [-1. -1.  0. -1.  0. -1.  0.  0. -1.  1.  1.  0.  1.  0.  1.  0. -1.  0.
  0.  0. -1.  0.  1.  0. -1.  1.]
3.349072130731656e-10 [-1. -1.  0. -1.  0.  1.  1.  0.  1.  1.  1.  0.  1.  0.  0. -1. -1.  1.
 -1.  0.  1.  0. -1.  1. -1. -1.]
3.290914207809692e-10 [-1.  0.  1.  1.  0.  1. -1.  0. -1. -1.  1.  0.  0. -1. -1.  1.  0.  1.
  0.  0.  0.  0.  0.  0.  1. -1.]
3.349072130731656e-10 [-1. -1.  0. -1.  0.  1.  1.  0.  1.  1.  1.  0.  1.  0.  0. -1. -1.  1.
 -1.  0.  1.  0. -1.  1. -1. -1.]
3.290843153536116e-10 [-1.  0.  1.  1.  0. -1. -1.  0. -1. -1.  1.  0.  0. -1. -1.  1.  0.  1.
  0.  0.  0.  0.  1.  0.  1. -1.]
5.388081092405628e-10 [-1. -1.  0. -1.  0. -1.  0.  0. -1.  1.  1.  0.  1.  0.  1.  0. -1.  0.
  0.  0. -1.  0.  1.  0. -1.  1.]
4.312497026148776e-10 [ 0.  1. -1.  0.  1. -1. -1.  0.  1.  1.  0.  1.  1.  0.  0.  1. -1.  1.
  0.  1. -1. -1. -1. -1. -1.  1.]
3.290878680672904e-10 [-1.  0.  1. -1.  0. -1. -1.  0. -1. -1.  1.  0.  0. -1. -1.  1.  1.  1.
  0.  0.  0.  0.  1.  0.  1. -1.]
2.361417728025117e-10 [ 0.  1. -1.  0. -1. -1.  1.  1.  1. -1.  0. -1. -1.  1.  0.  0.  1.  1.
  1.  0.  0.  0. -1.  1. -1. -1.]
3.7339020764193265e-11 [-1. -1.  1.  0. -1.  1. -1.  0.  1. -1.  0.  1. -1.  0. -1.  1.  1.  1.
  1. -1. -1.  1. -1.  1. -1.  0.]
3.290878680672904e-10 [-1.  0.  1. -1.  0. -1. -1.  0. -1. -1.  1.  0.  0. -1. -1.  1.  1.  1.
  0.  0.  0.  0.  1.  0.  1. -1.]
3.290878680672904e-10 [-1.  0.  1. -1.  0. -1. -1.  0. -1. -1.  1.  0.  0. -1. -1.  1.  1.  1.
  0.  0.  0.  0.  1.  0.  1. -1.]
3.7339020764193265e-11 [-1. -1.  1.  0. -1.  1. -1.  0.  1. -1.  0.  1. -1.  0. -1.  1.  1.  1.
  1. -1. -1.  1. -1.  1. -1.  0.]
3.7339020764193265e-11 [-1. -1.  1.  0. -1.  1. -1.  0.  1. -1.  0.  1. -1.  0. -1.  1.  1.  1.
  1. -1. -1.  1. -1.  1. -1.  0.]
1.8829382497642655e-12 [ 0.  0.  1.  0. -1.  0. -1. -1.  1.  1. -1.  0.  0.  0. -1. -1. -1. -1.
 -1.  1.  1.  0.  1.  1.  1.  0.]
1.9254997596362955e-10 [-1.  1.  1. -1.  0.  0. -1. -1.  1.  0.  0.  1.  1.  0.  0.  0. -1.  1.
  0. -1.  1.  1. -1.  0.  0. -1.]
3.7264413776938454e-10 [ 0.  0.  1.  0. -1.  1. -1.  0.  0. -1.  1.  0. -1.  1. -1.  0.  1.  1.
 -1. -1. -1.  1.  1.  0.  1. -1.]
3.787903324337094e-11 [ 1. -1. -1.  1.  0.  1.  0. -1.  0.  0. -1.  1. -1. -1.  1.  1.  1.  0.
 -1. -1.  0.  1.  1. -1.  0.  0.]
1.9254287053627195e-10 [ 1.  1.  1. -1.  0. -1. -1. -1.  1.  0.  0.  1.  1.  0.  0.  0. -1.  1.
  0. -1.  1.  1. -1.  0.  0. -1.]
1.2604317589648417e-10 [-1.  0. -1.  0. -1. -1.  1. -1. -1.  1.  1. -1.  0.  0.  1. -1.  0.  1.
  1.  1.  1.  0. -1.  1. -1. -1.]
3.290843153536116e-10 [-1.  0.  1.  1.  0. -1. -1.  0. -1. -1.  1.  0.  0. -1. -1.  1.  0.  1.
  0.  0.  0.  0.  1.  0.  1. -1.]
1.1948486644541845e-10 [ 0.  1.  1.  0.  1. -1. -1.  0.  0.  0.  0.  1. -1. -1.  1.  1.  0.  0.
 -1.  1.  0. -1. -1.  1.  0.  0.]


