At4,precision 3
At5,precision 3
At6,precision 3
At7,precision 4
At8,precision 4
At9,precision 4
At10,precision 4
At11,precision 5
At12,precision 6
At13,precision 6
At14,precision 7
At15,precision 7
At16,precision 8
At17,precision 9
At18,precision 9
At19,precision 10


Precision for 4 is 2
Precision for 5 is 3
Precision for 6 is 4
Precision for 7 is 4
Precision for 8 is 5
Precision for 9 is 6
Precision for 10 is 6
Precision for 11 is 7
Precision for 12 is 8
Precision for 13 is 9
Precision for 14 is 9


4 : 
0.104 [-1.  1.  1. -1.]
0.214 [ 0.  0. -1.  1.]
0.318 [-1.  1.  0.  0.]
0.504 [ 0. -1.  1.  0.]
Precision 3
Numebers 4

5 : 
0.0918 [ 1. -1. -1.  0.  1.]
0.104 [-1.  1.  1. -1.  0.]
0.122 [-1.  1.  0.  1. -1.]
0.196 [ 0.  0.  0. -1.  1.]
0.214 [ 0.  0. -1.  1.  0.]
Precision 3
Numebers 5

6 : 
0.0137 [ 0.  1. -1.  0. -1.  1.]
0.0146 [-1.  1. -1.  1.  1. -1.]
0.0156 [-1. -1.  0.  0.  0.  1.]
0.0918 [ 1. -1. -1.  0.  1.  0.]
0.104 [-1.  1.  1. -1.  0.  0.]
0.109 [-1.  0.  1.  1.  0. -1.]
Precision 3
Numebers 6

7 : 
0.0137 [ 0.  1. -1.  0. -1.  1.  0.]
0.0146 [-1.  1. -1.  1.  1. -1.  0.]
0.0156 [-1. -1.  0.  0.  0.  1.  0.]
0.0264 [ 1.  1.  0. -1.  1.  0. -1.]
0.0313 [ 1.  0.  0.  1.  1. -1. -1.]
0.0322 [ 1. -1.  0. -1.  1. -1.  1.]
0.042 [ 0.  0.  0. -1.  1.  1. -1.]
Precision 3
Numebers 7

8 : 
0.00195 [ 1.  0.  1.  1. -1. -1.  1. -1.]
0.0137 [ 0.  1.  1.  1. -1.  1. -1. -1.]
0.0146 [-1.  1. -1.  1.  1. -1.  0.  0.]
0.0156 [-1.  0.  1.  0.  1. -1.  1. -1.]
Precision 3
Numebers 4

8 : 
0.001831 [-1. -1. -1.  1.  1.  0. -1.  1.]
0.002808 [ 1.  0.  1.  1. -1. -1.  1. -1.]
0.01184 [ 0.  1.  1.  1. -1.  1. -1. -1.]
0.01251 [ 0.  1. -1.  0. -1.  1.  0.  0.]
0.01416 [ 0.  0.  1. -1. -1.  1.  1. -1.]
0.01471 [-1.  1. -1.  1.  1. -1.  0.  0.]
0.01602 [-1. -1.  0.  0.  0.  1.  0.  0.]
0.01636 [-1.  0.  1.  0.  1. -1.  1. -1.]
Precision 4
Numebers 8

9 : 
0.00195 [ 1.  1. -1. -1. -1. -1.  0.  1.  1.]
0.00391 [-1. -1. -1.  1.  1. -1.  1. -1.  1.]
0.0117 [-1.  1.  1. -1.  1. -1. -1.  0.  1.]
Precision 3
Numebers 3

9 : 
0.0001221 [-1. -1.  1.  1.  1.  1.  0. -1. -1.]
0.0006104 [-1. -1. -1.  0.  1.  1.  1.  0. -1.]
0.001099 [ 0. -1. -1.  0. -1.  1.  1. -1.  1.]
0.001221 [ 1.  0.  1.  1. -1.  0. -1.  1. -1.]
0.001831 [-1. -1. -1.  1.  1.  0. -1.  1.  0.]
0.002808 [ 1.  0.  1.  1. -1. -1.  1. -1.  0.]
0.003296 [-1. -1. -1.  1.  1. -1.  1. -1.  1.]
0.003418 [ 0. -1.  0. -1.  0. -1.  0.  1.  1.]
0.00354 [ 1. -1.  1. -1. -1.  0.  1.  1. -1.]
Precision 4
Numebers 9

10 : 
0.00195 [ 1.  1.  1. -1. -1.  1. -1.  0.  1. -1.]
Precision 3
Numebers 1

10 : 
0.0001221 [-1. -1.  1.  1.  1.  1.  0. -1. -1.  0.]
0.0006104 [-1. -1. -1.  0.  1.  1.  1.  0. -1.  0.]
0.0008545 [ 0.  1.  1. -1.  1.  1. -1.  1. -1. -1.]
0.001099 [ 0. -1. -1.  0. -1.  1.  1. -1.  1.  0.]
0.001221 [ 1.  0.  1.  1. -1.  0. -1.  1. -1.  0.]
0.001465 [ 1.  1.  1. -1. -1.  1. -1.  0.  1. -1.]
0.001831 [-1. -1. -1.  1.  1.  0. -1.  1.  0.  0.]
0.002563 [ 0.  1.  1. -1.  1.  0.  1. -1.  0. -1.]
0.002808 [ 1.  0.  1.  1. -1. -1.  1. -1.  0.  0.]
0.003174 [ 1.  1. -1.  1. -1.  1.  0.  0.  0. -1.]
Precision 4
Numebers 10

11 : 
0.000977 [ 0. -1. -1.  0.  0.  1. -1.  0.  0.  0.  1.]
0.00195 [ 0. -1. -1.  0. -1.  1.  1. -1.  1.  0.  0.]
Precision 3
Numebers 2

11 : 
0.0001221 [-1. -1.  1.  1.  1.  1.  0. -1. -1.  0.  0.]
0.0006104 [-1.  1.  1.  0. -1.  0.  1. -1. -1.  0.  1.]
0.0006714 [ 0. -1. -1.  0.  0.  1. -1.  0.  0.  0.  1.]
0.0008545 [ 0.  1.  1. -1.  1.  1. -1.  1. -1. -1.  0.]
0.001038 [ 0.  0.  0.  0.  1. -1.  0. -1.  0.  0.  1.]
0.001099 [ 0. -1. -1.  0. -1.  1.  1. -1.  1.  0.  0.]
0.001221 [ 1.  0.  1.  1. -1.  0. -1.  1. -1.  0.  0.]
0.001465 [ 1.  1.  1. -1. -1.  1. -1.  0.  1. -1.  0.]
Precision 4
Numebers 8

11 : 
0.00012207 [-1. -1.  1.  1.  1.  1.  0. -1. -1.  0.  0.]
0.00064087 [ 0. -1. -1.  0.  0.  1. -1.  0.  0.  0.  1.]
0.00065613 [-1. -1. -1.  0.  1.  1.  1.  0. -1.  0.  0.]
0.00067139 [-1.  1.  1.  0. -1.  0.  1. -1. -1.  0.  1.]
0.0009613 [ 0.  1.  1. -1.  1.  1. -1.  1. -1. -1.  0.]
0.00103 [ 0.  0.  0.  0.  1. -1.  0. -1.  0.  0.  1.]
0.0011292 [ 0. -1. -1.  0. -1.  1.  1. -1.  1.  0.  0.]
0.0012054 [-1.  0.  0.  1.  1. -1.  0.  1.  0.  0. -1.]
0.001297 [ 1.  0.  1.  1. -1.  0. -1.  1. -1.  0.  0.]
0.0014191 [ 1.  1.  1. -1. -1.  1. -1.  0.  1. -1.  0.]
0.0014343 [ 0.  1.  1. -1.  0.  1.  1.  0.  0. -1. -1.]
Precision 5
Numebers 11

12 : 
0.000977 [ 0. -1. -1.  0.  0.  1. -1.  0.  0.  0.  1.  0.]
0.00195 [ 1.  1. -1.  0.  1.  0. -1.  0.  0.  0.  1. -1.]
Precision 3
Numebers 2

12 : 
0.0001221 [ 1. -1. -1.  1.  0.  0.  0.  0.  1. -1. -1.  1.]
0.0002441 [ 1.  1. -1.  0.  1. -1.  1. -1. -1.  1.  1. -1.]
0.0003662 [ 0.  0.  1. -1.  1.  0. -1. -1. -1.  1.  0.  1.]
0.0004883 [ 0.  1. -1.  1.  1. -1.  1.  1. -1.  1. -1. -1.]
0.0006104 [-1.  1.  1.  0. -1.  0.  1. -1. -1.  0.  1.  0.]
Precision 4
Numebers 5

12 : 
6.1035e-5 [ 1. -1. -1.  1.  0.  0.  0.  0.  1. -1. -1.  1.]
0.00012207 [ 1.  1. -1.  0. -1. -1. -1.  1.  0. -1.  1.  1.]
0.00015259 [ 0.  1. -1.  0.  0. -1.  1.  1. -1. -1.  0.  1.]
0.00024414 [ 0.  0.  0.  1.  0.  0. -1.  0. -1. -1.  1.  1.]
0.00027466 [ 1.  1. -1.  0.  1. -1.  1. -1. -1.  1.  1. -1.]
0.00038147 [ 0.  0.  1. -1.  1.  0. -1. -1. -1.  1.  0.  1.]
0.00041199 [ 1.  1. -1.  1.  0. -1. -1.  1.  0.  1.  0. -1.]
0.00045776 [ 0.  1. -1.  1.  1. -1.  1.  1. -1.  1. -1. -1.]
0.00050354 [ 1.  1.  0.  1. -1.  0. -1.  0. -1.  1. -1.  1.]
Precision 5
Numebers 9

12 : 
5.14984e-5 [ 1. -1. -1.  1.  0.  0.  0.  0.  1. -1. -1.  1.]
0.000112534 [-1. -1.  1.  1.  1.  1.  0. -1. -1.  0.  0.  0.]
0.000116348 [ 1.  1. -1.  0. -1. -1. -1.  1.  0. -1.  1.  1.]
0.000139236 [ 0.  1. -1.  0.  0. -1.  1.  1. -1. -1.  0.  1.]
0.000230789 [ 0.  0.  0.  1.  0.  0. -1.  0. -1. -1.  1.  1.]
0.000274658 [ 1.  1. -1.  0.  1. -1.  1. -1. -1.  1.  1. -1.]
0.000377655 [ 0.  0.  1. -1.  1.  0. -1. -1. -1.  1.  0.  1.]
0.00041008 [ 0. -1. -1. -1.  0.  1.  0.  0.  1.  1.  0. -1.]
0.000421524 [ 1.  1. -1.  1.  0. -1. -1.  1.  0.  1.  0. -1.]
0.000442505 [ 0.  1. -1.  1.  1. -1.  1.  1. -1.  1. -1. -1.]
0.000497818 [ 1.  1.  0.  1. -1.  0. -1.  0. -1.  1. -1.  1.]
0.000639915 [ 0. -1. -1.  0.  0.  1. -1.  0.  0.  0.  1.  0.]
Precision 6
Numebers 12

13 : 
0.000977 [ 1.  1.  0.  0.  0.  0.  0. -1.  0.  0. -1.  0.  1.]
0.00195 [-1. -1. -1.  1.  0.  0.  1.  0.  1.  0. -1.  0.  0.]
Precision 3
Numebers 2

13 : 
0.0001221 [ 1. -1.  0.  1. -1. -1.  1. -1.  1.  0.  0. -1.  1.]
0.0002441 [ 1. -1.  1.  0. -1. -1.  1.  1. -1. -1.  0.  0.  1.]
Precision 4
Numebers 2

13 : 
1.5259e-5 [ 1. -1.  0.  1. -1. -1.  1. -1.  1.  0.  0. -1.  1.]
4.5776e-5 [-1.  0. -1.  0.  1. -1.  0. -1.  0.  1.  1.  1. -1.]
6.1035e-5 [ 1.  1. -1. -1. -1. -1.  1.  0. -1.  1.  1.  1. -1.]
0.00012207 [ 1.  1. -1.  0. -1. -1. -1.  1.  0. -1.  1.  1.  0.]
0.00015259 [ 0.  1. -1.  0.  0. -1.  1.  1. -1. -1.  0.  1.  0.]
0.00017548 [ 1.  1.  0.  0.  0.  0.  0. -1.  0.  0. -1.  0.  1.]
0.00021362 [-1. -1.  1. -1.  1.  0. -1.  0. -1.  1.  1.  1. -1.]
0.00024414 [ 0.  0.  0.  1.  0.  0. -1.  0. -1. -1.  1.  1.  0.]
0.00027466 [ 1.  1. -1.  0.  1. -1.  1. -1. -1.  1.  1. -1.  0.]
Precision 5
Numebers 9

13 : 
7.62939e-6 [ 1.  0.  1.  1.  0.  1.  1.  0.  0. -1. -1.  0. -1.]
3.43323e-5 [ 1. -1.  0.  1. -1. -1.  1. -1.  1.  0.  0. -1.  1.]
5.14984e-5 [ 1. -1. -1.  1.  0.  0.  0.  0.  1. -1. -1.  1.  0.]
5.34058e-5 [-1.  0. -1.  0.  1. -1.  0. -1.  0.  1.  1.  1. -1.]
6.10352e-5 [ 1.  1. -1. -1. -1. -1.  1.  0. -1.  1.  1.  1. -1.]
6.86646e-5 [-1.  1.  1.  1.  1.  0. -1.  0.  0. -1.  1.  0. -1.]
0.000112534 [-1. -1.  1.  1.  1.  1.  0. -1. -1.  0.  0.  0.  0.]
0.000116348 [ 1.  1. -1.  0. -1. -1. -1.  1.  0. -1.  1.  1.  0.]
0.000139236 [ 0.  1. -1.  0.  0. -1.  1.  1. -1. -1.  0.  1.  0.]
0.000162125 [ 1. -1. -1.  0. -1.  0.  0.  0. -1.  0.  0.  1.  1.]
0.000183105 [ 1.  1.  0.  0.  0.  0.  0. -1.  0.  0. -1.  0.  1.]
0.00019455 [-1. -1.  1. -1.  1.  0. -1.  0. -1.  1.  1.  1. -1.]
0.000230789 [ 0.  0.  0.  1.  0.  0. -1.  0. -1. -1.  1.  1.  0.]
Precision 6
Numebers 13

14 : 
0.000977 [ 1.  1.  0.  0.  0.  0.  0. -1.  0.  0. -1.  0.  1.  0.]
0.00195 [ 1.  0.  1.  1. -1. -1.  1. -1.  0.  0.  0.  0.  0.  0.]
Precision 3
Numebers 2

14 : 
0.0001221 [ 1. -1. -1.  1.  0. -1.  1.  0.  1.  0. -1. -1.  0.  1.]
Precision 4
Numebers 1

14 : 
1.5259e-5 [-1.  1.  1. -1.  0.  1. -1.  0. -1.  0.  1.  1.  0. -1.]
3.0518e-5 [-1. -1.  0.  0.  1.  1. -1.  1. -1.  0. -1. -1.  1.  1.]
4.5776e-5 [-1.  0. -1.  0.  1. -1.  0. -1.  0.  1.  1.  1. -1.  0.]
6.1035e-5 [ 1.  1. -1. -1. -1. -1.  1.  0. -1.  1.  1.  1. -1.  0.]
7.6294e-5 [ 0.  0.  1.  1. -1.  0. -1.  0.  0. -1. -1.  0.  1.  1.]
Precision 5
Numebers 5

14 : 
7.62939e-6 [ 1.  0.  1.  1.  0.  1.  1.  0.  0. -1. -1.  0. -1.  0.]
1.90735e-5 [-1. -1.  0.  0.  1.  1. -1.  1. -1.  0. -1. -1.  1.  1.]
2.67029e-5 [-1.  0.  1. -1.  1. -1.  1.  0.  1.  0.  0.  1. -1. -1.]
3.05176e-5 [ 1.  1.  0.  1. -1. -1.  0.  0.  1. -1. -1.  1. -1.  1.]
3.43323e-5 [ 1. -1.  0.  1. -1. -1.  1. -1.  1.  0.  0. -1.  1.  0.]
4.95911e-5 [-1.  0. -1.  1. -1.  1. -1.  0.  0.  1. -1.  1.  1. -1.]
5.14984e-5 [ 1. -1. -1.  1.  0.  0.  0.  0.  1. -1. -1.  1.  0.  0.]
5.34058e-5 [-1.  0. -1.  0.  1. -1.  0. -1.  0.  1.  1.  1. -1.  0.]
6.10352e-5 [ 1.  1. -1. -1. -1. -1.  1.  0. -1.  1.  1.  1. -1.  0.]
6.48499e-5 [ 0. -1. -1.  0. -1. -1.  0. -1.  0.  1. -1.  1.  1.  1.]
6.86646e-5 [-1.  1.  1.  1.  1.  0. -1.  0.  0. -1.  1.  0. -1.  0.]
Precision 6
Numebers 11

14 : 
2.384186e-7 [ 1. -1. -1.  1.  0. -1.  1.  0.  1.  0. -1. -1.  0.  1.]
9.059906e-6 [ 1.  0.  1.  1.  0.  1.  1.  0.  0. -1. -1.  0. -1.  0.]
2.0504e-5 [-1. -1.  0.  0.  1.  1. -1.  1. -1.  0. -1. -1.  1.  1.]
2.622604e-5 [ 0.  0.  1.  0. -1.  0.  1. -1. -1.  1. -1.  0.  0.  1.]
2.789497e-5 [-1.  0.  1. -1.  1. -1.  1.  0.  1.  0.  0.  1. -1. -1.]
3.099442e-5 [ 0.  0.  1.  0. -1.  0.  0. -1.  0.  0.  1.  0.  1. -1.]
3.123283e-5 [ 1. -1.  0.  1. -1. -1.  1. -1.  1.  0.  0. -1.  1.  0.]
3.290176e-5 [ 1.  1.  0.  1. -1. -1.  0.  0.  1. -1. -1.  1. -1.  1.]
4.62532e-5 [-1.  0. -1.  1. -1.  1. -1.  0.  0.  1. -1.  1.  1. -1.]
5.185604e-5 [ 1. -1. -1.  1.  0.  0.  0.  0.  1. -1. -1.  1.  0.  0.]
5.292892e-5 [-1.  0. -1.  0.  1. -1.  0. -1.  0.  1.  1.  1. -1.  0.]
5.745888e-5 [ 1.  1. -1. -1. -1. -1.  1.  0. -1.  1.  1.  1. -1.  0.]
6.79493e-5 [-1.  1.  1.  1.  1.  0. -1.  0.  0. -1.  1.  0. -1.  0.]
6.914139e-5 [ 0. -1. -1.  0. -1. -1.  0. -1.  0.  1. -1.  1.  1.  1.]
Precision 7
Numebers 14

15 : 
0.000977 [ 1.  1.  0.  0.  0.  0.  0. -1.  0.  0. -1.  0.  1.  0.  0.]
0.00195 [ 0.  0.  1.  0.  0.  0.  1.  1.  0.  0.  0. -1.  0.  0. -1.]
Precision 3
Numebers 2

15 : 
0.0001221 [ 1. -1.  0.  1. -1. -1.  1. -1.  1.  0.  0. -1.  1.  0.  0.]
Precision 4
Numebers 1

15 : 
1.5259e-5 [ 1.  0.  0. -1.  0.  0.  1.  1.  1.  1. -1.  0. -1.  0. -1.]
3.0518e-5 [-1. -1.  0.  0.  1.  1. -1.  1. -1.  0. -1. -1.  1.  1.  0.]
Precision 5
Numebers 2

15 : 
3.8147e-6 [-1.  1.  0.  0.  1.  1.  1. -1.  0.  1.  0.  1. -1. -1. -1.]
7.62939e-6 [ 0.  1.  1.  1. -1.  0. -1. -1.  1.  1.  0. -1.  0.  1. -1.]
9.53674e-6 [-1. -1.  0.  1. -1.  0.  1.  0. -1.  1.  0.  0.  0.  1. -1.]
1.14441e-5 [-1. -1.  1.  0. -1. -1.  0.  0.  1.  1.  1.  1. -1.  0. -1.]
1.52588e-5 [ 1. -1. -1. -1.  0. -1.  1. -1.  1.  0. -1.  1.  1.  1. -1.]
1.71661e-5 [ 1.  1.  1. -1.  0.  0.  0. -1.  0.  0. -1.  0.  0.  0.  1.]
1.90735e-5 [-1. -1.  0.  0.  1.  1. -1.  1. -1.  0. -1. -1.  1.  1.  0.]
2.28882e-5 [ 0. -1.  0.  0.  0. -1.  1.  1. -1. -1. -1. -1.  1.  1.  1.]
Precision 6
Numebers 8

15 : 
2.384186e-7 [ 1. -1. -1.  1.  0. -1.  1.  0.  1.  0. -1. -1.  0.  1.  0.]
9.536743e-7 [ 1. -1.  0.  0. -1. -1. -1.  1.  0. -1.  0. -1.  1.  1.  1.]
4.291534e-6 [ 0.  1.  1. -1. -1. -1.  1.  0. -1. -1.  1.  1.  0. -1.  1.]
5.245209e-6 [-1.  1.  0.  1.  1.  0.  0.  0.  1.  0.  0. -1.  0.  0. -1.]
7.152557e-6 [ 0.  1.  1.  1. -1.  0. -1. -1.  1.  1.  0. -1.  0.  1. -1.]
9.059906e-6 [ 1.  0.  1.  1.  0.  1.  1.  0.  0. -1. -1.  0. -1.  0.  0.]
9.179115e-6 [-1. -1.  0.  1. -1.  0.  1.  0. -1.  1.  0.  0.  0.  1. -1.]
1.108646e-5 [ 0.  0.  1.  0.  0. -1.  0.  0. -1.  0.  1. -1. -1.  1.  1.]
1.168251e-5 [ 1. -1. -1. -1.  0. -1.  1. -1.  1.  0. -1.  1.  1.  1. -1.]
1.28746e-5 [-1. -1.  1.  0. -1. -1.  0.  0.  1.  1.  1.  1. -1.  0. -1.]
1.430511e-5 [ 0. -1.  1.  0.  0.  0.  1.  0. -1. -1.  1.  1. -1.  1. -1.]
1.716614e-5 [ 1.  1.  1. -1.  0.  0.  0. -1.  0.  0. -1.  0.  0.  0.  1.]
2.0504e-5 [-1. -1.  0.  0.  1.  1. -1.  1. -1.  0. -1. -1.  1.  1.  0.]
2.527237e-5 [ 0. -1.  0.  0.  0. -1.  1.  1. -1. -1. -1. -1.  1.  1.  1.]
2.622604e-5 [ 0.  0.  1.  0. -1.  0.  1. -1. -1.  1. -1.  0.  0.  1.  0.]
Precision 7
Numebers 15

16 : 
0.000977 [ 0.  0.  0.  0. -1.  1.  0.  0.  0.  0.  0.  0.  1.  0.  0. -1.]
0.00195 [ 1. -1.  0.  1. -1.  0.  0.  0.  0.  0.  0.  0. -1.  0.  0.  1.]
Precision 3
Numebers 2

16 : 
0.0001221 [ 0.  1. -1. -1.  0.  1.  0.  0.  1.  0.  0. -1.  0. -1.  0.  1.]
Precision 4
Numebers 1

16 : 
1.5259e-5 [ 1.  0.  0. -1.  0.  0.  1.  1.  1.  1. -1.  0. -1.  0. -1.  0.]
3.0518e-5 [-1.  0.  1.  0. -1.  0. -1. -1.  0.  0.  0.  1.  0.  1.  1. -1.]
Precision 5
Numebers 2

16 : 
1.90735e-6 [ 0.  0. -1. -1.  0.  1.  1.  0.  0.  1.  1.  0.  0. -1.  0. -1.]
3.8147e-6 [-1.  0.  1.  1. -1. -1. -1. -1. -1.  1.  1.  0.  0. -1.  1.  1.]
7.62939e-6 [ 0.  1.  1.  1. -1.  0. -1. -1.  1.  1.  0. -1.  0.  1. -1.  0.]
9.53674e-6 [-1. -1.  0.  1. -1.  0.  1.  0. -1.  1.  0.  0.  0.  1. -1.  0.]
1.14441e-5 [-1. -1.  1.  0. -1. -1.  0.  0.  1.  1.  1.  1. -1.  0. -1.  0.]
1.52588e-5 [ 1. -1. -1. -1.  0. -1.  1. -1.  1.  0. -1.  1.  1.  1. -1.  0.]
Precision 6
Numebers 6

16 : 
2.384186e-7 [ 1. -1. -1.  1.  0. -1.  1.  0.  1.  0. -1. -1.  0.  1.  0.  0.]
3.576279e-7 [-1. -1. -1.  1. -1.  1.  0. -1.  0. -1.  0.  0.  0.  0.  1.  1.]
4.768372e-7 [-1.  1.  1.  1.  1.  0.  0. -1.  0.  0. -1.  1. -1.  0. -1.  1.]
9.536743e-7 [ 1. -1.  0.  0. -1. -1. -1.  1.  0. -1.  0. -1.  1.  1.  1.  0.]
1.549721e-6 [ 0.  0.  1.  1.  0. -1. -1.  0.  0. -1. -1.  0.  0.  1.  0.  1.]
2.861023e-6 [ 0.  0.  1. -1. -1.  1.  1.  0.  1. -1. -1. -1.  0.  1. -1.  1.]
3.099442e-6 [ 0.  1. -1.  1. -1.  0.  0. -1.  0. -1.  1.  1.  0.  0.  1. -1.]
3.576279e-6 [-1.  1. -1.  0.  1.  1.  1.  0.  1.  1.  1. -1.  0. -1. -1. -1.]
3.695488e-6 [ 0.  0. -1.  1.  0.  0.  0.  1. -1.  1.  0. -1.  0. -1.  0.  1.]
4.291534e-6 [ 0.  1.  1. -1. -1. -1.  1.  0. -1. -1.  1.  1.  0. -1.  1.  0.]
5.245209e-6 [-1.  1.  0.  1.  1.  0.  0.  0.  1.  0.  0. -1.  0.  0. -1.  0.]
5.960464e-6 [-1.  0.  1.  1. -1. -1. -1. -1. -1.  1.  1.  0.  0. -1.  1.  1.]
7.152557e-6 [ 0.  1.  1.  1. -1.  0. -1. -1.  1.  1.  0. -1.  0.  1. -1.  0.]
9.059906e-6 [ 1.  0.  1.  1.  0.  1.  1.  0.  0. -1. -1.  0. -1.  0.  0.  0.]
9.179115e-6 [-1. -1.  0.  1. -1.  0.  1.  0. -1.  1.  0.  0.  0.  1. -1.  0.]
Precision 7
Numebers 15

16 : 
1.6391277e-7 [-1. -1. -1.  1. -1.  1.  0. -1.  0. -1.  0.  0.  0.  0.  1.  1.]
2.3841858e-7 [ 1. -1. -1.  1.  0. -1.  1.  0.  1.  0. -1. -1.  0.  1.  0.  0.]
2.9802322e-7 [ 1. -1.  0.  1.  0. -1.  0. -1.  1. -1.  0.  1.  0. -1.  0.  1.]
6.5565109e-7 [-1.  1.  1.  1.  1.  0.  0. -1.  0.  0. -1.  1. -1.  0. -1.  1.]
9.5367432e-7 [ 1. -1.  0.  0. -1. -1. -1.  1.  0. -1.  0. -1.  1.  1.  1.  0.]
1.5944242e-6 [ 0.  0.  1.  1.  0. -1. -1.  0.  0. -1. -1.  0.  0.  1.  0.  1.]
2.6226044e-6 [ 0.  0.  1. -1. -1.  1.  1.  0.  1. -1. -1. -1.  0.  1. -1.  1.]
3.2186508e-6 [ 0.  1. -1.  1. -1.  0.  0. -1.  0. -1.  1.  1.  0.  0.  1. -1.]
3.606081e-6 [-1.  1. -1.  0.  1.  1.  1.  0.  1.  1.  1. -1.  0. -1. -1. -1.]
3.8146973e-6 [ 0.  0. -1.  1.  0.  0.  0.  1. -1.  1.  0. -1.  0. -1.  0.  1.]
4.440546e-6 [ 0.  1.  1. -1. -1. -1.  1.  0. -1. -1.  1.  1.  0. -1.  1.  0.]
5.2154064e-6 [-1.  1.  0.  1.  1.  0.  0.  0.  1.  0.  0. -1.  0.  0. -1.  0.]
5.9902668e-6 [-1.  0.  1.  1. -1. -1. -1. -1. -1.  1.  1.  0.  0. -1.  1.  1.]
7.1823597e-6 [ 0.  1.  1.  1. -1.  0. -1. -1.  1.  1.  0. -1.  0.  1. -1.  0.]
9.0301037e-6 [-1. -1.  0.  1. -1.  0.  1.  0. -1.  1.  0.  0.  0.  1. -1.  0.]
9.0748072e-6 [ 1.  0.  1.  1.  0.  1.  1.  0.  0. -1. -1.  0. -1.  0.  0.  0.]
Precision 8
Numebers 16

17 : 
0.000977 [ 0.  0.  0.  0. -1.  1.  0.  0.  0.  0.  0.  0.  1.  0.  0. -1.  0.]
0.00195 [-1.  0.  0.  0.  0. -1.  1.  0.  0.  0. -1.  0.  0.  0.  0.  0.  1.]
Precision 3
Numebers 2

17 : 
0.0001221 [ 0.  1.  0.  1. -1.  0.  0.  0.  1.  0.  0.  0. -1.  1.  0.  0. -1.]
Precision 4
Numebers 1

17 : 
1.5259e-5 [ 1.  0.  0. -1.  0.  0.  1.  1.  1.  1. -1.  0. -1.  0. -1.  0.  0.]
Precision 5
Numebers 1

17 : 
1.90735e-6 [ 0.  0. -1. -1.  0.  1.  1.  0.  0.  1.  1.  0.  0. -1.  0. -1.  0.]
3.8147e-6 [-1.  1.  0.  0. -1.  1.  1. -1.  1. -1.  1. -1. -1.  1.  0.  1. -1.]
Precision 6
Numebers 2

17 : 
2.384186e-7 [ 0.  1. -1.  0.  0. -1.  1. -1.  0.  0.  1. -1.  1.  1. -1.  1. -1.]
3.576279e-7 [-1. -1. -1.  1. -1.  1.  0. -1.  0. -1.  0.  0.  0.  0.  1.  1.  0.]
4.768372e-7 [-1.  0.  1.  1.  1. -1.  0.  1.  1.  1. -1. -1.  1. -1.  0.  0. -1.]
9.536743e-7 [ 0.  0.  0. -1. -1. -1.  0.  1.  0. -1.  1.  0.  1. -1.  1.  1. -1.]
1.192093e-6 [-1. -1.  1. -1.  0.  1.  1. -1.  1. -1.  0. -1.  0.  1.  0. -1.  1.]
1.430511e-6 [ 0. -1.  1.  0. -1.  1.  1. -1.  0.  1. -1.  0. -1.  1.  1.  0. -1.]
1.549721e-6 [ 0.  0.  1.  1.  0. -1. -1.  0.  0. -1. -1.  0.  0.  1.  0.  1.  0.]
1.66893e-6 [-1.  1.  0.  0.  0. -1.  1.  1.  0.  0. -1. -1.  0.  1.  0.  1. -1.]
2.145767e-6 [-1. -1. -1.  1.  1.  0.  0.  0. -1.  1.  1. -1.  0. -1.  1. -1.  1.]
2.384186e-6 [ 1.  0.  1.  0.  0.  1.  1.  0. -1.  1.  0. -1.  1.  0.  0. -1. -1.]
Precision 7
Numebers 10

17 : 
1.6391277e-7 [-1. -1. -1.  1. -1.  1.  0. -1.  0. -1.  0.  0.  0.  0.  1.  1.  0.]
1.7881393e-7 [-1. -1.  1.  1.  1. -1. -1. -1.  0. -1.  0.  0.  0.  1.  1. -1.  1.]
2.3841858e-7 [ 1. -1. -1.  1.  0. -1.  1.  0.  1.  0. -1. -1.  0.  1.  0.  0.  0.]
2.9802322e-7 [ 1. -1.  0.  1.  0. -1.  0. -1.  1. -1.  0.  1.  0. -1.  0.  1.  0.]
3.5762787e-7 [-1.  0.  1.  1.  1. -1.  0.  1.  1.  1. -1. -1.  1. -1.  0.  0. -1.]
6.5565109e-7 [-1.  1.  1.  1.  1.  0.  0. -1.  0.  0. -1.  1. -1.  0. -1.  1.  0.]
7.7486038e-7 [-1.  1.  0. -1. -1.  0.  1.  0. -1.  1.  0. -1.  0.  0. -1.  1.  1.]
9.5367432e-7 [ 1. -1.  0.  0. -1. -1. -1.  1.  0. -1.  0. -1.  1.  1.  1.  0.  0.]
1.0430813e-6 [ 0.  0.  0. -1. -1. -1.  0.  1.  0. -1.  1.  0.  1. -1.  1.  1. -1.]
1.1920929e-6 [-1. -1.  1. -1.  0.  1.  1. -1.  1. -1.  0. -1.  0.  1.  0. -1.  1.]
1.5795231e-6 [ 0. -1.  1.  0. -1.  1.  1. -1.  0.  1. -1.  0. -1.  1.  1.  0. -1.]
1.5944242e-6 [ 0.  0.  1.  1.  0. -1. -1.  0.  0. -1. -1.  0.  0.  1.  0.  1.  0.]
2.3841858e-6 [-1. -1. -1.  1.  1.  0.  0.  0. -1.  1.  1. -1.  0. -1.  1. -1.  1.]
Precision 8
Numebers 13

17 : 
1.62050128e-7 [-1. -1. -1.  1. -1.  1.  0. -1.  0. -1.  0.  0.  0.  0.  1.  1.  0.]
1.67638063e-7 [-1. -1.  1.  1.  1. -1. -1. -1.  0. -1.  0.  0.  0.  1.  1. -1.  1.]
2.29105353e-7 [ 1. -1. -1.  1.  0. -1.  1.  0.  1.  0. -1. -1.  0.  1.  0.  0.  0.]
2.98023224e-7 [ 1. -1.  0.  1.  0. -1.  0. -1.  1. -1.  0.  1.  0. -1.  0.  1.  0.]
3.7625432e-7 [-1.  0.  1.  1.  1. -1.  0.  1.  1.  1. -1. -1.  1. -1.  0.  0. -1.]
3.98606062e-7 [-1. -1.  1.  0.  0.  1.  1. -1. -1.  0. -1.  0. -1.  0.  0.  1.  1.]
6.14672899e-7 [-1.  1.  1.  1.  1.  0.  0. -1.  0.  0. -1.  1. -1.  0. -1.  1.  0.]
7.97212124e-7 [-1.  1.  0. -1. -1.  0.  1.  0. -1.  1.  0. -1.  0.  0. -1.  1.  1.]
9.57399607e-7 [ 1. -1.  0.  0. -1. -1. -1.  1.  0. -1.  0. -1.  1.  1.  1.  0.  0.]
1.00582838e-6 [ 0.  0.  0. -1. -1. -1.  0.  1.  0. -1.  1.  0.  1. -1.  1.  1. -1.]
1.1920929e-6 [-1. -1.  1. -1.  0.  1.  1. -1.  1. -1.  0. -1.  0.  1.  0. -1.  1.]
1.5348196e-6 [ 0. -1.  1.  0. -1.  1.  1. -1.  0.  1. -1.  0. -1.  1.  1.  0. -1.]
1.54599547e-6 [-1.  1.  0.  0.  0. -1.  1.  1.  0.  0. -1. -1.  0.  1.  0.  1. -1.]
1.56462193e-6 [ 0. -1.  0. -1.  0.  0.  0.  0. -1.  1.  1.  0. -1.  0.  1.  1. -1.]
1.57207251e-6 [ 0.  0.  1.  1.  0. -1. -1.  0.  0. -1. -1.  0.  0.  1.  0.  1.  0.]
2.37673521e-6 [ 1.  0.  1.  0.  0.  1.  1.  0. -1.  1.  0. -1.  1.  0.  0. -1. -1.]
2.40653753e-6 [-1. -1. -1.  1.  1.  0.  0.  0. -1.  1.  1. -1.  0. -1.  1. -1.  1.]
Precision 9
Numebers 17

18 : 
0.000977 [ 0.  0.  0.  0. -1.  1.  0.  0.  0.  0.  0.  0.  1.  0.  0. -1.  0.  0.]
0.00195 [-1.  0.  0.  0.  0. -1.  1.  0.  0.  0. -1.  0.  0.  0.  0.  0.  1.  0.]
Precision 3
Numebers 2

18 : 
0.0001221 [-1.  1.  1.  0. -1.  1.  0.  0.  0. -1.  0.  0. -1.  0.  0.  0.  1.  0.]
Precision 4
Numebers 1

18 : 
1.5259e-5 [ 1.  0.  0. -1.  0.  0.  1.  1.  1.  1. -1.  0. -1.  0. -1.  0.  0.  0.]
Precision 5
Numebers 1

18 : 
1.90735e-6 [ 0.  0. -1. -1.  0.  1.  1.  0.  0.  1.  1.  0.  0. -1.  0. -1.  0.  0.]
3.8147e-6 [ 0.  0.  0.  1.  1.  1.  0. -1.  0.  1. -1.  0. -1.  1. -1. -1.  1.  0.]
Precision 6
Numebers 2

18 : 
2.384186e-7 [ 0.  1. -1.  0.  0. -1.  1. -1.  0.  0.  1. -1.  1.  1. -1.  1. -1.  0.]
3.576279e-7 [-1. -1. -1.  1. -1.  1.  0. -1.  0. -1.  0.  0.  0.  0.  1.  1.  0.  0.]
4.768372e-7 [-1. -1.  1.  0.  1. -1. -1. -1.  1.  0. -1.  1.  1.  0.  1. -1. -1.  1.]
9.536743e-7 [ 0.  0.  0. -1. -1. -1.  0.  1.  0. -1.  1.  0.  1. -1.  1.  1. -1.  0.]
1.192093e-6 [-1. -1.  1. -1.  0.  1.  1. -1.  1. -1.  0. -1.  0.  1.  0. -1.  1.  0.]
1.430511e-6 [ 0.  0.  1. -1. -1.  0. -1. -1.  0.  1. -1.  1.  1. -1. -1.  1.  0.  1.]
1.549721e-6 [ 0.  0.  1.  1.  0. -1. -1.  0.  0. -1. -1.  0.  0.  1.  0.  1.  0.  0.]
1.66893e-6 [-1.  1.  0.  0.  0. -1.  1.  1.  0.  0. -1. -1.  0.  1.  0.  1. -1.  0.]
1.907349e-6 [-1. -1.  0. -1.  1.  0.  0.  0.  0.  1.  0.  1.  1. -1. -1.  1.  0. -1.]
Precision 7
Numebers 9

18 : 
1.6391277e-7 [-1. -1. -1.  1. -1.  1.  0. -1.  0. -1.  0.  0.  0.  0.  1.  1.  0.  0.]
1.7881393e-7 [-1. -1.  1.  1.  1. -1. -1. -1.  0. -1.  0.  0.  0.  1.  1. -1.  1.  0.]
2.3841858e-7 [ 1. -1. -1.  1.  0. -1.  1.  0.  1.  0. -1. -1.  0.  1.  0.  0.  0.  0.]
2.9802322e-7 [ 1. -1.  0.  1.  0. -1.  0. -1.  1. -1.  0.  1.  0. -1.  0.  1.  0.  0.]
3.5762787e-7 [-1. -1.  1.  0.  1. -1. -1. -1.  1.  0. -1.  1.  1.  0.  1. -1. -1.  1.]
6.5565109e-7 [-1.  1.  1.  1.  1.  0.  0. -1.  0.  0. -1.  1. -1.  0. -1.  1.  0.  0.]
7.7486038e-7 [-1.  1.  0. -1. -1.  0.  1.  0. -1.  1.  0. -1.  0.  0. -1.  1.  1.  0.]
9.5367432e-7 [ 1. -1.  0.  0. -1. -1. -1.  1.  0. -1.  0. -1.  1.  1.  1.  0.  0.  0.]
1.013279e-6 [ 0.  0.  1. -1. -1.  0. -1. -1.  0.  1. -1.  1.  1. -1. -1.  1.  0.  1.]
1.0430813e-6 [ 0.  0.  0. -1. -1. -1.  0.  1.  0. -1.  1.  0.  1. -1.  1.  1. -1.  0.]
1.1920929e-6 [-1. -1.  1. -1.  0.  1.  1. -1.  1. -1.  0. -1.  0.  1.  0. -1.  1.  0.]
1.5795231e-6 [ 0. -1.  1.  0. -1.  1.  1. -1.  0.  1. -1.  0. -1.  1.  1.  0. -1.  0.]
1.5944242e-6 [ 0.  0.  1.  1.  0. -1. -1.  0.  0. -1. -1.  0.  0.  1.  0.  1.  0.  0.]
1.8179417e-6 [-1. -1.  0. -1.  1.  0.  0.  0.  0.  1.  0.  1.  1. -1. -1.  1.  0. -1.]
Precision 8
Numebers 14

18 : 
1.62050128e-7 [-1. -1. -1.  1. -1.  1.  0. -1.  0. -1.  0.  0.  0.  0.  1.  1.  0.  0.]
1.67638063e-7 [-1. -1.  1.  1.  1. -1. -1. -1.  0. -1.  0.  0.  0.  1.  1. -1.  1.  0.]
2.29105353e-7 [ 1. -1. -1.  1.  0. -1.  1.  0.  1.  0. -1. -1.  0.  1.  0.  0.  0.  0.]
2.98023224e-7 [ 1. -1.  0.  1.  0. -1.  0. -1.  1. -1.  0.  1.  0. -1.  0.  1.  0.  0.]
3.6880374e-7 [-1. -1.  1.  0.  1. -1. -1. -1.  1.  0. -1.  1.  1.  0.  1. -1. -1.  1.]
3.7625432e-7 [-1.  0.  1.  1.  1. -1.  0.  1.  1.  1. -1. -1.  1. -1.  0.  0. -1.  0.]
3.98606062e-7 [-1. -1.  1.  0.  0.  1.  1. -1. -1.  0. -1.  0. -1.  0.  0.  1.  1.  0.]
6.14672899e-7 [-1.  1.  1.  1.  1.  0.  0. -1.  0.  0. -1.  1. -1.  0. -1.  1.  0.  0.]
7.97212124e-7 [-1.  1.  0. -1. -1.  0.  1.  0. -1.  1.  0. -1.  0.  0. -1.  1.  1.  0.]
9.57399607e-7 [ 1. -1.  0.  0. -1. -1. -1.  1.  0. -1.  0. -1.  1.  1.  1.  0.  0.  0.]
1.00582838e-6 [ 0.  0.  0. -1. -1. -1.  0.  1.  0. -1.  1.  0.  1. -1.  1.  1. -1.  0.]
1.01700425e-6 [ 0.  0.  1. -1. -1.  0. -1. -1.  0.  1. -1.  1.  1. -1. -1.  1.  0.  1.]
1.1920929e-6 [-1. -1.  1. -1.  0.  1.  1. -1.  1. -1.  0. -1.  0.  1.  0. -1.  1.  0.]
1.5348196e-6 [ 0. -1.  1.  0. -1.  1.  1. -1.  0.  1. -1.  0. -1.  1.  1.  0. -1.  0.]
1.54599547e-6 [-1.  1.  0.  0.  0. -1.  1.  1.  0.  0. -1. -1.  0.  1.  0.  1. -1.  0.]
1.56462193e-6 [ 0. -1.  0. -1.  0.  0.  0.  0. -1.  1.  1.  0. -1.  0.  1.  1. -1.  0.]
1.57207251e-6 [ 0.  0.  1.  1.  0. -1. -1.  0.  0. -1. -1.  0.  0.  1.  0.  1.  0.  0.]
1.83656812e-6 [-1. -1.  0. -1.  1.  0.  0.  0.  0.  1.  0.  1.  1. -1. -1.  1.  0. -1.]
Precision 9
Numebers 18

19 : 
0.000977 [ 0.  0.  0.  0. -1.  1.  0.  0.  0.  0.  0.  0.  1.  0.  0. -1.  0.  0.
  0.]
0.00195 [-1.  0.  0.  0.  0. -1.  1.  0.  0.  0. -1.  0.  0.  0.  0.  0.  1.  0.
  0.]
Precision 3
Numebers 2

19 : 
0.0001221 [-1.  0. -1.  0.  0.  0.  0. -1.  0.  1.  1.  1.  0.  0.  0. -1.  0.  0.
  0.]
Precision 4
Numebers 1

19 : 
1.5259e-5 [-1.  1.  1. -1.  0.  1. -1.  0. -1.  0.  1.  1.  0. -1.  0.  0.  0.  0.
  0.]
Precision 5
Numebers 1

19 : 
1.90735e-6 [ 0.  0. -1. -1.  0.  1.  1.  0.  0.  1.  1.  0.  0. -1.  0. -1.  0.  0.
  0.]
3.8147e-6 [-1.  0. -1.  0.  0. -1.  0.  0. -1.  0. -1.  0.  0.  1.  1.  1. -1.  1.
  0.]
Precision 6
Numebers 2

19 : 
2.384186e-7 [-1. -1.  1.  0.  0. -1.  0.  1. -1.  1. -1. -1.  1.  0.  1.  1.  1. -1.
 -1.]
3.576279e-7 [-1. -1. -1.  1. -1.  1.  0. -1.  0. -1.  0.  0.  0.  0.  1.  1.  0.  0.
  0.]
4.768372e-7 [ 1. -1. -1. -1.  1. -1.  0.  1.  1.  1.  1. -1.  1. -1. -1.  1.  1. -1.
 -1.]
Precision 7
Numebers 3

19 : 
5.9604645e-8 [-1.  1.  0. -1.  1.  0. -1.  1.  1.  1. -1.  0. -1. -1.  1.  0. -1.  0.
  1.]
8.9406967e-8 [ 0.  0.  1.  0. -1. -1.  0.  0.  0.  1.  0.  0.  0.  1. -1.  1. -1. -1.
  1.]
1.1920929e-7 [ 0.  0. -1.  1.  0. -1.  0.  0. -1. -1.  0.  0. -1.  1.  1.  0. -1.  1.
  1.]
1.4901161e-7 [ 0.  1.  0.  1.  0.  0.  1.  1.  0.  0.  0.  1.  0.  0. -1. -1.  0.  0.
 -1.]
1.6391277e-7 [-1. -1. -1.  1. -1.  1.  0. -1.  0. -1.  0.  0.  0.  0.  1.  1.  0.  0.
  0.]
1.7881393e-7 [ 1. -1. -1. -1.  1. -1.  0.  1.  1.  1.  1. -1.  1. -1. -1.  1.  1. -1.
 -1.]
2.3841858e-7 [-1. -1.  1.  0.  0. -1.  0.  1. -1.  1. -1. -1.  1.  0.  1.  1.  1. -1.
 -1.]
2.9802322e-7 [ 1.  0.  0. -1.  0.  1.  0.  0.  1. -1.  0.  1.  0.  1.  0.  0.  0. -1.
 -1.]
3.2782555e-7 [ 1.  0.  0.  0. -1.  0. -1.  0.  1.  0.  1. -1.  1. -1. -1. -1.  0.  1.
  1.]
3.5762787e-7 [-1. -1.  1.  0.  1. -1. -1. -1.  1.  0. -1.  1.  1.  0.  1. -1. -1.  1.
  0.]
3.8743019e-7 [ 0. -1.  1.  0. -1. -1.  1.  1.  1.  1. -1.  1. -1. -1.  0.  1. -1. -1.
  1.]
5.6624413e-7 [-1.  0.  1.  1.  1.  1.  1. -1.  1.  0. -1.  0. -1. -1. -1.  0. -1.  1.
  1.]
Precision 8
Numebers 12

19 : 
1.86264515e-8 [ 0.  1.  0.  1. -1.  1. -1. -1.  1.  0.  1.  0. -1.  0.  1.  1. -1.  0.
 -1.]
3.35276127e-8 [-1.  1.  0. -1.  1.  0. -1.  1.  1.  1. -1.  0. -1. -1.  1.  0. -1.  0.
  1.]
5.58793545e-8 [ 0.  1.  0.  0.  0. -1. -1.  0. -1.  0.  0.  1.  0.  1.  0.  1.  1. -1.
 -1.]
8.19563866e-8 [ 0.  0.  1.  0. -1. -1.  0.  0.  0.  1.  0.  0.  0.  1. -1.  1. -1. -1.
  1.]
8.94069672e-8 [ 0.  0. -1.  1.  0. -1.  0.  0. -1. -1.  0.  0. -1.  1.  1.  0. -1.  1.
  1.]
1.58324838e-7 [ 0.  1.  0.  1.  0.  0.  1.  1.  0.  0.  0.  1.  0.  0. -1. -1.  0.  0.
 -1.]
1.62050128e-7 [-1. -1. -1.  1. -1.  1.  0. -1.  0. -1.  0.  0.  0.  0.  1.  1.  0.  0.
  0.]
1.67638063e-7 [-1. -1.  1.  1.  1. -1. -1. -1.  0. -1.  0.  0.  0.  1.  1. -1.  1.  0.
  0.]
1.71363354e-7 [ 1. -1. -1. -1.  1. -1.  0.  1.  1.  1.  1. -1.  1. -1. -1.  1.  1. -1.
 -1.]
2.12341547e-7 [-1. -1.  1.  0.  0. -1.  0.  1. -1.  1. -1. -1.  1.  0.  1.  1.  1. -1.
 -1.]
2.29105353e-7 [ 1. -1. -1.  1.  0. -1.  1.  0.  1.  0. -1. -1.  0.  1.  0.  0.  0.  0.
  0.]
2.86847353e-7 [ 1.  0.  0. -1.  0.  1.  0.  0.  1. -1.  0.  1.  0.  1.  0.  0.  0. -1.
 -1.]
2.98023224e-7 [ 1. -1.  0.  1.  0. -1.  0. -1.  1. -1.  0.  1.  0. -1.  0.  1.  0.  0.
  0.]
3.57627869e-7 [ 0. -1.  1.  0. -1. -1.  1.  1.  1.  1. -1.  1. -1. -1.  0.  1. -1. -1.
  1.]
3.6880374e-7 [-1. -1.  1.  0.  1. -1. -1. -1.  1.  0. -1.  1.  1.  0.  1. -1. -1.  1.
  0.]
3.7625432e-7 [-1.  0.  1.  1.  1. -1.  0.  1.  1.  1. -1. -1.  1. -1.  0.  0. -1.  0.
  0.]
3.98606062e-7 [-1. -1.  1.  0.  0.  1.  1. -1. -1.  0. -1.  0. -1.  0.  0.  1.  1.  0.
  0.]
Precision 9
Numebers 17

19 : 
4.889443517e-9 [ 0.  1. -1.  0.  0. -1.  1. -1.  0.  0.  1. -1.  1.  1. -1.  1. -1.  0.
  0.]
1.839362085e-8 [ 0.  1.  0.  1. -1.  1. -1. -1.  1.  0.  1.  0. -1.  0.  1.  1. -1.  0.
 -1.]
3.026798368e-8 [-1.  1.  0. -1.  1.  0. -1.  1.  1.  1. -1.  0. -1. -1.  1.  0. -1.  0.
  1.]
5.634501576e-8 [ 0.  1.  0.  0.  0. -1. -1.  0. -1.  0.  0.  1.  0.  1.  0.  1.  1. -1.
 -1.]
8.335337043e-8 [ 0.  0.  1.  0. -1. -1.  0.  0.  0.  1.  0.  0.  0.  1. -1.  1. -1. -1.
  1.]
9.126961231e-8 [ 0.  0. -1.  1.  0. -1.  0.  0. -1. -1.  0.  0. -1.  1.  1.  0. -1.  1.
  1.]
1.596054062e-7 [-1. -1. -1.  1. -1.  1.  0. -1.  0. -1.  0.  0.  0.  0.  1.  1.  0.  0.
  0.]
1.599546522e-7 [ 0.  1.  0.  1.  0.  0.  1.  1.  0.  0.  0.  1.  0.  0. -1. -1.  0.  0.
 -1.]
1.660082489e-7 [-1. -1.  1.  1.  1. -1. -1. -1.  0. -1.  0.  0.  0.  1.  1. -1.  1.  0.
  0.]
1.704320312e-7 [ 1. -1. -1. -1.  1. -1.  0.  1.  1.  1.  1. -1.  1. -1. -1.  1.  1. -1.
 -1.]
2.139713615e-7 [-1. -1.  1.  0.  0. -1.  0.  1. -1.  1. -1. -1.  1.  0.  1.  1.  1. -1.
 -1.]
2.275919542e-7 [ 1. -1. -1.  1.  0. -1.  1.  0.  1.  0. -1. -1.  0.  1.  0.  0.  0.  0.
  0.]
2.856831998e-7 [ 1.  0.  0. -1.  0.  1.  0.  0.  1. -1.  0.  1.  0.  1.  0.  0.  0. -1.
 -1.]
2.99885869e-7 [ 1. -1.  0.  1.  0. -1.  0. -1.  1. -1.  0.  1.  0. -1.  0.  1.  0.  0.
  0.]
3.546010703e-7 [ 0. -1.  1.  0. -1. -1.  1.  1.  1.  1. -1.  1. -1. -1.  0.  1. -1. -1.
  1.]
3.599561751e-7 [-1.  0. -1.  1.  1. -1.  0.  0.  0. -1. -1.  1.  1.  0. -1.  0.  0.  0.
  1.]
3.660097718e-7 [ 1.  0.  0.  0. -1.  0. -1.  0.  1.  0.  1. -1.  1. -1. -1. -1.  0.  1.
  1.]
3.704335541e-7 [-1. -1.  1.  0.  1. -1. -1. -1.  1.  0. -1.  1.  1.  0.  1. -1. -1.  1.
  0.]
3.760214895e-7 [-1.  0.  1.  1.  1. -1.  0.  1.  1.  1. -1. -1.  1. -1.  0.  0. -1.  0.
  0.]
Precision 10
Numebers 19



