17 : 
4.7939366370098202702e-9 [ 0.  1. -1.  0.  0. -1.  1. -1.  0.  0.  1. -1.  1.  1. -1.  1. -1.]
1.5967930299427693982e-7 [-1. -1. -1.  1. -1.  1.  0. -1.  0. -1.  0.  0.  0.  0.  1.  1.  0.]
1.6588826898069112224e-7 [-1. -1.  1.  1.  1. -1. -1. -1.  0. -1.  0.  0.  0.  1.  1. -1.  1.]
2.2771366351228856245e-7 [ 1. -1. -1.  1.  0. -1.  1.  0.  1.  0. -1. -1.  0.  1.  0.  0.  0.]
2.9983158055646831966e-7 [ 1. -1.  0.  1.  0. -1.  0. -1.  1. -1.  0.  1.  0. -1.  0.  1.  0.]
3.7609100388691905394e-7 [-1.  0.  1.  1.  1. -1.  0.  1.  1.  1. -1. -1.  1. -1.  0.  0. -1.]
3.9599745416137965663e-7 [-1. -1.  1.  0.  0.  1.  1. -1. -1.  0. -1.  0. -1.  0.  0.  1.  1.]
6.1432658962097931934e-7 [-1.  1.  1.  1.  1.  0.  0. -1.  0.  0. -1.  1. -1.  0. -1.  1.  0.]
7.9501078467219534959e-7 [-1.  1.  0. -1. -1.  0.  1.  0. -1.  1.  0. -1.  0.  0. -1.  1.  1.]
9.5702373594208330412e-7 [ 1. -1.  0.  0. -1. -1. -1.  1.  0. -1.  0. -1.  1.  1.  1.  0.  0.]
1.0057614957295049531e-6 [ 0.  0.  0. -1. -1. -1.  0.  1.  0. -1.  1.  0.  1. -1.  1.  1. -1.]
1.1902254288478236223e-6 [-1. -1.  1. -1.  0.  1.  1. -1.  1. -1.  0. -1.  0.  1.  0. -1.  1.]
1.5355616730940667685e-6 [ 0. -1.  1.  0. -1.  1.  1. -1.  0.  1. -1.  0. -1.  1.  1.  0. -1.]
1.5479701683062503052e-6 [-1.  1.  0.  0.  0. -1.  1.  1.  0.  0. -1. -1.  0.  1.  0.  1. -1.]
1.5695142409914621812e-6 [ 0. -1.  0. -1.  0.  0.  0.  0. -1.  1.  1.  0. -1.  0.  1.  1. -1.]
1.571350325563076176e-6 [ 0.  0.  1.  1.  0. -1. -1.  0.  0. -1. -1.  0.  0.  1.  0.  1.  0.]
2.3805180170189971928e-6 [ 1.  0.  1.  0.  0.  1.  1.  0. -1.  1.  0. -1.  1.  0.  0. -1. -1.]


