********************************************************************************
For n = 9
********************************************************************************
For n = 9

  
 Final Array taken : 
[[-1 -1  1  1  1  1  0 -1 -1]
 [-1 -1 -1  0  1  1  1  0 -1]
 [ 0 -1 -1  0 -1  1  1 -1  1]
 [ 1  0  1  1 -1  0 -1  1 -1]
 [-1 -1 -1  1  1  0 -1  1  0]
 [ 1  0  1  1 -1 -1  1 -1  0]
 [ 0 -1  0 -1  0 -1  0  1  1]
 [-1  1  1 -1  1 -1 -1  0  1]
 [ 1 -1  0 -1  1  0  0 -1  1]]
 [244. 299. 387. 424. 457. 547. 574. 624. 647.]
 Trues: 19682	 Falses 0
 
 
