(mpf('-0.0000044621293978802881326738'), 41129874)
(mpf('-0.0000039910829957883996719527'), 67331664)
(mpf('-0.0000044610741846366815262746'), 110878185)
(mpf('-0.0000035319675021669953837375'), 103833603)
(mpf('-0.0000020349918927848071746774'), 117296419)
(mpf('-0.0000044610741846366747500111'), 24784770)
(mpf('-0.0000038474348253577462857997'), 18584088)
(mpf('-0.000001574012341305287051435'), 113519765)
(mpf('-2.1462602876809921872286e-7'), 24756687)
(mpf('-2.2771366351227500992443e-7'), 49270273)
(mpf('-2.2771366351226823366086e-7'), 6223525)
(mpf('-2.2771366351226823366086e-7'), 6223769)
(mpf('-9.5702373594211718544136e-7'), 21919741)
(mpf('-0.0000035319675021669886074739'), 17740188)
(mpf('-0.0000015740123413052802751715'), 27426350)
(mpf('-9.5702373594209008038705e-7'), 21919985)
(mpf('-2.2771366351227500992443e-7'), 49270517)




-0.0000015740123413052802751715[ 1.  0.  1.  1. -1.  1. -1.  0. -1. -1.  1. -1.  0.  1.  1. -1.  0.]
-0.000001574012341305287051435[ 1.  0.  1. -1. -1.  1. -1.  0. -1. -1.  1. -1.  0.  1.  1. -1.  1.]
-0.0000020349918927848071746774[-1. -1.  1.  1.  0. -1. -1.  1.  0. -1.  0.  1. -1. -1.  0.  1.  1.]
-0.0000035319675021669886074739[ 0.  0.  0.  1.  1.  1. -1.  1.  0. -1.  0. -1.  0.  1.  0. -1.  0.]
-0.0000035319675021669953837375[ 0.  0.  0. -1.  1.  1. -1.  1.  0. -1.  0. -1.  0.  1.  0. -1.  1.]
-0.0000038474348253577462857997[ 0.  1. -1.  0.  1. -1. -1. -1.  0.  1.  1.  1. -1.  1.  0. -1.  0.]
-0.0000039910829957883996719527[ 0.  0. -1.  0.  0.  1.  0. -1.  1.  0.  0.  1.  0.  0.  1. -1. -1.]
-0.0000044610741846366747500111[ 0. -1. -1.  1.  1.  0.  1. -1.  0.  1.  1. -1. -1.  0.  1. -1.  0.]
-0.0000044610741846366815262746[ 0. -1. -1. -1.  1.  0.  1. -1.  0.  1.  1. -1. -1.  0.  1. -1.  1.]
-0.0000044621293978802881326738[ 0.  0.  1.  0.  1. -1. -1.  1. -1. -1.  0. -1.  1. -1.  1.  1.  0.]
-2.1462602876809921872286e-7[ 0.  0. -1.  0. -1.  1.  1.  0.  1.  0.  1. -1. -1.  0.  1. -1.  0.]
-2.2771366351226823366086e-7[-1.  1.  1. -1.  0.  0.  1. -1.  0. -1.  0.  1.  1.  0. -1.  0.  0.]
-2.2771366351226823366086e-7[ 1.  1.  1. -1.  0. -1.  1. -1.  0. -1.  0.  1.  1.  0. -1.  0.  0.]
-2.2771366351227500992443e-7[-1.  1.  1.  1.  0.  0.  1. -1.  0. -1.  0.  1.  1.  0. -1.  0. -1.]
-2.2771366351227500992443e-7[ 1.  1.  1.  1.  0. -1.  1. -1.  0. -1.  0.  1.  1.  0. -1.  0. -1.]
-9.5702373594209008038705e-7[ 1.  1.  0.  0.  1. -1.  1.  1. -1.  0.  1.  0.  1. -1. -1. -1.  0.]
-9.5702373594211718544136e-7[-1.  1.  0.  0.  1.  0.  1.  1. -1.  0.  1.  0.  1. -1. -1. -1.  0.]
