********************************************************************************
For n = 2
10     1     0.31783724519578205 
11     1     3.1462643699419726 
********************************************************************************
For n = 3
011     1     0.9101963924421828 
101     1     1.9182307323040078 
110     1     2.5539052226955716 
111     2     5.382332347441762 
********************************************************************************
For n = 4
0110     1     0.10441547991239375 
1010     1     0.5312590104791701 
1100     1     1.5392933503409951 
0111     1     2.9328426046585845 
1011     1     3.3596861352253606 
1101     1     4.367720475087186 
1110     2     5.0033949654787495 
1111     2     7.83182209022494 
********************************************************************************
For n = 5
00111     1     0.28709129359399377 
01011     1     0.7139348241607699 
10011     1     1.1064579607235956 
01101     1     1.7219691640225951 
10101     1     2.114492300585421 
01110     1     2.357643654414159 
11001     1     2.541335831152197 
10110     1     2.7501667909769845 
11010     1     3.1770103215437606 
11100     1     4.185044661405586 
01111     15     5.1860707791603495 
10111     2     5.578593915723175 
11011     2     6.005437446289951 
11101     2     7.013471786151777 
11110     2     7.64914627654334 
11111     3     10.477573401289531 
********************************************************************************
For n = 6
011010     1     0.014732661375381095 
101001     1     0.41211086919139506 
100110     1     0.6209418290161826 
110001     1     0.8046340057542207 
011100     1     1.0227670012372063 
101010     1     1.0477853595829587 
110010     1     1.4403084961457844 
001111     1     2.02379311899197 
101100     1     2.055819699444784 
010111     1     2.4163162555547957 
110100     1     2.4483428360076096 
011011     1     2.843159786121572 
111000     1     2.8751863665743858 
100111     1     3.4493689537623733 
011101     1     3.851194125983397 
101011     1     3.8762124843291494 
110011     1     4.268735620891976 
011110     1     4.486868616374961 
101101     1     4.884246824190974 
110101     1     5.2767699607538 
101110     1     5.519921314582538 
111001     1     5.703613491320576 
110110     1     5.9124444511453635 
111010     2     6.33928798171214 
011111     18     7.315295741121151 
111100     2     7.347322321573966 
101111     2     8.34834843932873 
110111     2     8.740871575891555 
111011     2     9.167715106458331 
111101     2     10.175749446320156 
111110     2     10.81142393671172 
111111     3     13.639851061457911 
********************************************************************************
For n = 7
0100111     1     0.13274416340697348 
1000111     1     0.44143842378101406 
1100100     1     0.473465004233828 
0011101     1     0.5345693356279972 
0101011     1     0.5595876939737496 
1001011     1     0.8682819543477902 
1101000     1     0.9003085348006041 
0110011     1     0.9521108305365757 
0011110     1     1.1702438260195613 
1010011     1     1.2608050909106159 
1110000     1     1.2928316713634298 
0101101     1     1.5676220338355744 
1001101     1     1.8763162942096154 
0110101     1     1.9601451703984 
0101110     1     2.203296524227138 
1010101     1     2.268839430772441 
1100011     1     2.2938577891181935 
0111001     1     2.3869887009651762 
1001110     1     2.511990784601179 
0110110     1     2.5958196607899637 
1011001     1     2.6956829613392173 
1010110     1     2.9045139211640048 
0111010     1     3.02266319135674 
1100101     1     3.3018921289800187 
1011010     1     3.331357451730781 
1101001     1     3.728735659546795 
1100110     1     3.9375666193715824 
0011111     1     3.998670950765751 
0111100     1     4.030697531218566 
1110001     1     4.12125879610962 
1011100     1     4.339391791592606 
1101010     1     4.364410149938358 
1110010     1     4.756933286501184 
0101111     1     5.03172364897333 
1001111     1     5.340417909347369 
1101100     1     5.372444489800184 
0110111     1     5.424246785536155 
1010111     1     5.732941045910195 
1110100     1     5.76496762636301 
0111011     1     5.8510903161029315 
1011011     1     6.159784576476971 
1111000     1     6.191811156929786 
1100111     2     6.7659937441177735 
0111101     2     6.859124655964756 
1011101     2     7.167818916338797 
1101011     2     7.19283727468455 
0111110     2     7.4947991463563195 
1110011     2     7.585360411247375 
1011110     2     7.803493406730361 
1101101     2     8.200871614546374 
1110101     2     8.5933947511092 
1101110     2     8.836546104937938 
1111001     2     9.020238281675976 
1110110     2     9.229069241500763 
1111010     2     9.65591277206754 
0111111     21     10.323226271102511 
1011111     2     10.63192053147655 
1111100     2     10.663947111929366 
1101111     2     11.66497322968413 
1110111     2     12.057496366246955 
1111011     2     12.484339896813731 
1111101     3     13.492374236675555 
1111110     3     14.12804872706712 
1111111     3     16.95647585181331 
********************************************************************************
For n = 8
01101001     1     0.12318438408280574 
10100101     1     0.2741938237332082 
10011010     1     0.3036591464839704 
01100110     1     0.33201534390759324 
00011111     1     0.39311967530176206 
00111100     1     0.4251462557545769 
01110001     1     0.515707520645631 
11000101     1     0.5828880841072492 
10101001     1     0.7010373542999844 
01011100     1     0.7338405161286166 
01101010     1     0.758858874474369 
10100110     1     0.9098683141247719 
11001001     1     1.0097316146740254 
10110001     1     1.09356049086281 
01110010     1     1.1513820110371946 
11000110     1     1.218562574498813 
10011100     1     1.3116934863457956 
10101010     1     1.336711844691548 
11010001     1     1.402254751236851 
00101111     1     1.4261723735093406 
11001010     1     1.645406105065589 
10110010     1     1.7292349812543737 
01001111     1     1.7348666338833802 
01101100     1     1.766893214336195 
00110111     1     1.8186955100721662 
11010010     1     2.0379292416284147 
01010111     1     2.127389770446206 
01110100     1     2.1594163508990207 
00111011     1     2.2455390406389424 
10001111     1     2.3127196041005593 
10101100     1     2.3447461845533732 
11100001     1     2.435307449444428 
01011011     1     2.554233301012982 
01111000     1     2.586259881465797 
11001100     1     2.6534404449274134 
10010111     1     2.705242740663385 
10110100     1     2.737269321116199 
11010100     1     3.0459635814902395 
11100010     1     3.070981939835992 
10011011     1     3.132086271230161 
01100111     1     3.1604424686537844 
10111000     1     3.164112851682975 
00111101     1     3.2535733805007667 
11011000     1     3.4728071120570156 
01011101     1     3.562267640874808 
01101011     1     3.5872859992205606 
10100111     1     3.7382954388709626 
00111110     1     3.8892478708923304 
01110011     1     3.9798091357833862 
11000111     1     4.046989699245003 
11100100     1     4.079016279697817 
10011101     1     4.140120611091986 
10101011     1     4.165138969437739 
01011110     1     4.197942131266371 
11001011     1     4.473833229811779 
11101000     1     4.505859810264593 
10110011     1     4.557662106000565 
01101101     1     4.5953203390823845 
10011110     1     4.775795101483551 
11010011     1     4.866356366374605 
11110000     1     4.898382946827419 
01110101     1     4.98784347564521 
10101101     1     5.173173309299564 
01101110     1     5.230994829473948 
01111001     1     5.414687006211986 
11001101     1     5.481867569673605 
10110101     1     5.56569644586239 
01110110     1     5.623517966036774 
10101110     1     5.808847799691128 
11010101     1     5.87439070623643 
11100011     1     5.899409064582183 
10111001     1     5.992539976429166 
