At value n = 0



At value n = 1
-1.4142135623730950488 [-1.]



At value n = 2
-1.4142135623730950488 [-1.  0.]
-0.31783724519578224473 [ 1. -1.]



At value n = 3
-0.82185441512669464761 [ 1.  0. -1.]
-0.31783724519578224473 [ 1. -1.  0.]
-0.50401716993091240288 [ 0.  1. -1.]



At value n = 4
-0.50401716993091240288 [ 0.  1. -1.  0.]
-0.31783724519578224473 [ 1. -1.  0.  0.]
-0.10441547991239384294 [ 1. -1. -1.  1.]
-0.21342176528338840179 [ 0.  0.  1. -1.]



At value n = 5
-0.21342176528338840179 [ 0.  0.  1. -1.  0.]
-0.19626156828141249231 [ 0.  0.  0.  1. -1.]
-0.10441547991239384294 [ 1. -1. -1.  1.  0.]
-0.091846088369018649366 [-1.  1.  1.  0. -1.]
-0.12157567691436975242 [ 1. -1.  0. -1.  1.]



At value n = 6
-0.10906649774149341381 [ 1.  0. -1. -1.  0.  1.]
-0.091846088369018649366 [-1.  1.  1.  0. -1.  0.]
-0.10441547991239384294 [ 1. -1. -1.  1.  0.  0.]
-0.012509179172876338618 [ 0. -1.  1.  0.  1. -1.]
-0.014732661375381905018 [ 1. -1.  1. -1. -1.  1.]
-0.016013290226406989667 [ 1.  1.  0.  0.  0. -1.]



At value n = 7
-0.041914438094391975188 [ 0.  0.  0.  1. -1. -1.  1.]
-0.030552165697084556386 [-1.  0.  0. -1. -1.  1.  1.]
-0.032771453272650764694 [-1.  1.  0.  1. -1.  1. -1.]
-0.014732661375381905018 [ 1. -1.  1. -1. -1.  1.  0.]
-0.016013290226406989667 [ 1.  1.  0.  0.  0. -1.  0.]
-0.025901147867984985521 [-1. -1.  0.  1. -1.  0.  1.]
-0.012509179172876338618 [ 0. -1.  1.  0.  1. -1.  0.]



At value n = 8
-0.016401580914316462106 [ 1.  0. -1.  0. -1.  1. -1.  1.]
-0.014732661375381905018 [ 1. -1.  1. -1. -1.  1.  0.  0.]
-0.016013290226406989667 [ 1.  1.  0.  0.  0. -1.  0.  0.]
-0.014178098711810895703 [ 0.  0. -1.  1.  1. -1. -1.  1.]
-0.012509179172876338618 [ 0. -1.  1.  0.  1. -1.  0.  0.]
-0.0018351915145960939647 [ 1.  1.  1. -1. -1.  0.  1. -1.]
-0.0028158263145034769038 [-1.  0. -1. -1.  1.  1. -1.  1.]
-0.011958811136244687391 [ 0. -1. -1. -1.  1. -1.  1.  1.]



At value n = 9
-0.0035083575016865196348 [-1.  1. -1.  1.  1.  0. -1. -1.  1.]
-0.0033619479029792595418 [ 1.  1.  1. -1. -1.  1. -1.  1. -1.]
-0.0033904517174959549875 [ 0.  1.  0.  1.  0.  1.  0. -1. -1.]
-0.0028158263145034769038 [-1.  0. -1. -1.  1.  1. -1.  1.  0.]
-0.0006640273726663472921 [ 1.  1.  1.  0. -1. -1. -1.  0.  1.]
-0.00011365933603469606839 [ 1.  1. -1. -1. -1. -1.  0.  1.  1.]
-0.0011384657004736931454 [ 0.  1.  1.  0.  1. -1. -1.  1. -1.]
-0.0018351915145960939647 [ 1.  1.  1. -1. -1.  0.  1. -1.  0.]
-0.0012890699261203113267 [-1.  0. -1. -1.  1.  0.  1. -1.  1.]



At value n = 10
-0.0032291381217326004357 [-1. -1.  1. -1.  1. -1.  0.  0.  0.  1.]
-0.0018351915145960939647 [ 1.  1.  1. -1. -1.  0.  1. -1.  0.  0.]
-0.0028158263145034769038 [-1.  0. -1. -1.  1.  1. -1.  1.  0.  0.]
-0.0011384657004736931454 [ 0.  1.  1.  0.  1. -1. -1.  1. -1.  0.]
-0.0014182039734973333275 [-1. -1. -1.  1.  1. -1.  1.  0. -1.  1.]
-0.0012890699261203113267 [-1.  0. -1. -1.  1.  0.  1. -1.  1.  0.]
-0.0024705220340731530581 [ 0. -1. -1.  1. -1.  0. -1.  1.  0.  1.]
-0.00094376564568998747763 [ 0. -1. -1.  1. -1. -1.  1. -1.  1.  1.]
-0.00011365933603469606839 [ 1.  1. -1. -1. -1. -1.  0.  1.  1.  0.]
-0.0006640273726663472921 [ 1.  1.  1.  0. -1. -1. -1.  0.  1.  0.]



At value n = 11
-0.0014425209841906378537 [ 0. -1. -1.  1.  0. -1. -1.  0.  0.  1.  1.]
-0.0014182039734973333275 [-1. -1. -1.  1.  1. -1.  1.  0. -1.  1.  0.]
-0.00067566536611107086549 [ 1. -1. -1.  0.  1.  0. -1.  1.  1.  0. -1.]
-0.0011954811526230511954 [ 1.  0.  0. -1. -1.  1.  0. -1.  0.  0.  1.]
-0.0012890699261203113267 [-1.  0. -1. -1.  1.  0.  1. -1.  1.  0.  0.]
-0.00063971036197304277274 [ 0.  1.  1.  0.  0. -1.  1.  0.  0.  0. -1.]
-0.0006640273726663472921 [ 1.  1.  1.  0. -1. -1. -1.  0.  1.  0.  0.]
-0.0010280010498825152044 [ 0.  0.  0.  0. -1.  1.  0.  1.  0.  0. -1.]
-0.00011365933603469606839 [ 1.  1. -1. -1. -1. -1.  0.  1.  1.  0.  0.]
-0.0011384657004736931454 [ 0.  1.  1.  0.  1. -1. -1.  1. -1.  0.  0.]
-0.00094376564568998747763 [ 0. -1. -1.  1. -1. -1.  1. -1.  1.  1.  0.]



