********************************************************************************
For n = 3

  
 Final Array taken : 
[[ 1.  1. -1.]
 [ 1. -1.  1.]
 [-1.  1.  1.]]
 [1. 1. 1.]
 Trues: 8	 Falses 0
 
 
********************************************************************************
For n = 4

  
 Final Array taken : 
[[-1.  1.  1. -1.]
 [-1.  1. -1.  1.]
 [-1. -1.  1.  1.]
 [ 1.  1.  1. -1.]]
 [-0.  1.  1.  1.]
 Trues: 16	 Falses 0
 
 
********************************************************************************
For n = 5

  
 Final Array taken : 
[[ 1.  1.  1. -1. -1.]
 [ 1.  1. -1.  1. -1.]
 [ 1.  1. -1. -1.  1.]
 [ 1. -1.  1.  1. -1.]
 [-1.  1.  1.  1. -1.]]
 [1. 1. 1. 1. 1.]
 Trues: 32	 Falses 0
 
 
********************************************************************************
For n = 6

  
 Final Array taken : 
[[-1.  1. -1.  1.  1. -1.]
 [ 1. -1. -1.  1. -1.  1.]
 [-1.  1.  1. -1. -1.  1.]
 [ 1. -1. -1. -1.  1.  1.]
 [-1. -1.  1.  1.  1. -1.]
 [ 1.  1.  1.  1. -1. -1.]]
 [1. 2. 2. 3. 3. 4.]
 Trues: 64	 Falses 0
 
 
********************************************************************************
For n = 7

  
 Final Array taken : 
[[ 1.  1.  1. -1. -1.  1. -1.]
 [ 1.  1.  1. -1. -1. -1.  1.]
 [-1. -1.  1. -1. -1.  1.  1.]
 [ 1. -1.  1.  1.  1. -1. -1.]
 [ 1.  1. -1.  1. -1.  1. -1.]
 [ 1.  1. -1. -1.  1.  1. -1.]
 [-1.  1.  1.  1.  1. -1. -1.]]
 [2. 2. 3. 3. 3. 4. 4.]
 Trues: 128	 Falses 0
 
 
********************************************************************************
For n = 8

  
 Final Array taken : 
[[ 1. -1. -1.  1. -1.  1.  1. -1.]
 [ 1. -1.  1. -1. -1.  1. -1.  1.]
 [-1.  1. -1.  1.  1. -1. -1.  1.]
 [-1.  1.  1. -1. -1.  1.  1. -1.]
 [ 1.  1.  1.  1.  1. -1. -1. -1.]
 [-1. -1.  1.  1.  1.  1. -1. -1.]
 [ 1. -1. -1. -1.  1.  1.  1. -1.]
 [ 1. -1.  1. -1. -1. -1.  1.  1.]]
 [ 4.  5.  6.  7.  7.  9.  9. 10.]
 Trues: 256	 Falses 0
 
 
********************************************************************************
For n = 9

  
 Final Array taken : 
[[-1. -1. -1.  1.  1. -1.  1. -1.  1.]
 [-1.  1.  1.  1.  1.  1. -1. -1. -1.]
 [-1. -1.  1. -1.  1. -1. -1.  1.  1.]
 [-1.  1. -1. -1. -1.  1. -1.  1.  1.]
 [ 1.  1. -1. -1.  1.  1.  1. -1. -1.]
 [ 1.  1.  1. -1. -1.  1. -1. -1.  1.]
 [ 1.  1.  1. -1. -1. -1.  1.  1. -1.]
 [-1. -1.  1. -1. -1.  1.  1.  1. -1.]
 [ 1. -1.  1.  1.  1. -1. -1.  1. -1.]]
 [ 6.  8. 10. 11. 12. 14. 15. 16. 17.]
 Trues: 512	 Falses 0
 
 
********************************************************************************
For n = 10

  
 Final Array taken : 
[[-1.  1.  1. -1.  1. -1. -1.  1. -1.  1.]
 [-1. -1. -1. -1. -1.  1.  1. -1.  1.  1.]
 [-1. -1.  1.  1.  1.  1. -1.  1. -1. -1.]
 [ 1. -1. -1.  1.  1. -1. -1. -1.  1.  1.]
 [ 1. -1. -1. -1.  1.  1.  1.  1. -1. -1.]
 [ 1. -1.  1. -1. -1.  1. -1.  1.  1. -1.]
 [-1.  1. -1.  1.  1. -1. -1.  1.  1. -1.]
 [-1.  1.  1. -1. -1.  1.  1. -1.  1. -1.]
 [ 1. -1. -1.  1. -1.  1.  1. -1. -1.  1.]
 [-1. -1.  1.  1.  1. -1.  1.  1. -1. -1.]]
 [ 8. 10. 13. 14. 16. 19. 19. 21. 22. 23.]
 Trues: 1024	 Falses 0
 
 
********************************************************************************
For n = 11
 
[-1. -1.  1.  1. -1. -1.  1. -1. -1.  1.  1.] Added value: -0.303230520949427864810548627710263705636 Dot Product value : 1.0000000000000107False  
 
 
[ 1.  1. -1. -1.  1.  1. -1.  1.  1. -1. -1.] Added value: 0.303230520949427864810548627710263705636 Dot Product value : -1.0000000000000107False  
 

  
 Final Array taken : 
[[-1. -1.  1.  1. -1. -1. -1.  1.  1. -1.  1.]
 [ 1.  1.  1. -1. -1.  1. -1. -1.  1.  1. -1.]
 [ 1.  1.  1. -1. -1. -1.  1.  1. -1.  1. -1.]
 [ 1. -1. -1. -1. -1.  1. -1.  1. -1.  1.  1.]
 [ 1. -1.  1.  1. -1.  1.  1.  1. -1. -1. -1.]
 [ 1. -1.  1.  1.  1. -1.  1. -1. -1. -1.  1.]
 [-1. -1.  1. -1. -1.  1.  1.  1. -1.  1. -1.]
 [ 1.  1. -1.  1. -1.  1.  1. -1. -1. -1.  1.]
 [ 1. -1. -1. -1. -1. -1.  1.  1.  1. -1.  1.]
 [ 1. -1.  1.  1.  1. -1. -1.  1. -1.  1. -1.]
 [ 1.  1.  1. -1. -1.  1. -1.  1. -1. -1.  1.]]
 [ 7.  8. 11. 12. 12. 15. 16. 17. 18. 19. 20.]
 Trues: 2046	 Falses 2
 
 
********************************************************************************
For n = 12
 
[-1.  1.  1. -1.  1. -1. -1.  1. -1.  1.  1. -1.] Added value: -0.2276517425723429573753975090917780387501 Dot Product value : 1.0False  
 
 
[-1.  1.  1.  1. -1. -1. -1.  1. -1.  1. -1.  1.] Added value: -0.1485882432891419371529166111874388382592 Dot Product value : 0.9999999999999716False  
 
 
[ 1. -1. -1. -1.  1.  1.  1. -1.  1. -1.  1. -1.] Added value: 0.1485882432891419371529166111874388382592 Dot Product value : -0.9999999999999716False  
 
 
[ 1. -1. -1.  1. -1.  1.  1. -1.  1. -1. -1.  1.] Added value: 0.2276517425723429573753975090917780387501 Dot Product value : -1.0False  
 

  
 Final Array taken : 
[[-1. -1.  1. -1. -1. -1. -1. -1.  1.  1.  1.  1.]
 [-1.  1. -1. -1.  1.  1.  1.  1. -1.  1. -1. -1.]
 [ 1. -1. -1.  1. -1.  1.  1. -1. -1.  1.  1. -1.]
 [ 1.  1.  1.  1. -1.  1. -1.  1.  1. -1. -1. -1.]
 [ 1.  1.  1.  1.  1. -1. -1. -1.  1. -1.  1. -1.]
 [ 1. -1. -1.  1.  1. -1. -1.  1. -1.  1. -1.  1.]
 [-1. -1.  1.  1.  1.  1. -1. -1.  1. -1.  1. -1.]
 [ 1. -1.  1. -1. -1.  1.  1. -1. -1.  1. -1.  1.]
 [-1.  1. -1.  1.  1. -1.  1. -1. -1.  1. -1.  1.]
 [-1. -1.  1.  1.  1. -1.  1.  1. -1. -1.  1. -1.]
 [ 1. -1.  1. -1.  1. -1. -1.  1. -1. -1.  1.  1.]
 [ 1. -1. -1.  1. -1. -1.  1.  1.  1.  1. -1. -1.]]
 [16. 20. 26. 28. 30. 36. 37. 41. 42. 45. 47. 49.]
 Trues: 4092	 Falses 4
 
 
********************************************************************************
For n = 13

  
 Final Array taken : 
[[-1. -1.  1. -1.  1.  1. -1. -1. -1.  1.  1. -1.  1.]
 [-1.  1.  1.  1. -1.  1.  1.  1. -1. -1.  1. -1. -1.]
 [-1.  1. -1. -1. -1. -1.  1.  1.  1.  1. -1.  1. -1.]
 [ 1.  1.  1. -1. -1. -1.  1.  1.  1. -1. -1. -1.  1.]
 [ 1. -1. -1. -1. -1.  1. -1.  1.  1. -1.  1. -1.  1.]
 [ 1.  1.  1. -1. -1.  1. -1.  1. -1. -1.  1.  1. -1.]
 [-1. -1. -1.  1. -1.  1.  1.  1.  1. -1. -1.  1. -1.]
 [-1. -1. -1.  1.  1. -1.  1. -1.  1. -1.  1.  1. -1.]
 [ 1. -1.  1.  1. -1. -1.  1.  1.  1.  1. -1. -1. -1.]
 [-1.  1.  1. -1. -1. -1. -1.  1. -1. -1.  1.  1.  1.]
 [ 1.  1.  1.  1. -1. -1. -1. -1. -1.  1. -1.  1.  1.]
 [-1.  1. -1.  1.  1.  1.  1.  1.  1. -1. -1. -1. -1.]
 [ 1. -1. -1. -1. -1. -1.  1.  1. -1.  1.  1.  1. -1.]]
 [ 32.  40.  52.  56.  60.  73.  76.  82.  87.  89.  95. 100. 105.]
 Trues: 8192	 Falses 0
 
 
********************************************************************************
For n = 14
 
[ 1. -1. -1.  1. -1.  1.  1. -1. -1.  1.  1. -1.  1. -1.] Added value: -0.0891230392743215962422963315640564026794 Dot Product value : 0.9999999999998295False  
 
 
[ 1. -1. -1.  1.  1. -1. -1.  1. -1.  1. -1.  1.  1. -1.] Added value: -0.07273613141869418639713059578027682606999 Dot Product value : 1.0000000000001137False  
 
 
[ 1. -1. -1.  1. -1.  1. -1.  1.  1.  1. -1. -1. -1.  1.] Added value: -0.05848641700940194075387567764657774160563 Dot Product value : 1.0000000000000853False  
 
 
[ 1. -1. -1.  1.  1. -1. -1. -1.  1.  1.  1. -1. -1.  1.] Added value: -0.05643041490963691034405408222633179983242 Dot Product value : 0.999999999999929False  
 
 
[-1. -1. -1.  1. -1. -1. -1.  1.  1.  1. -1. -1.  1.  1.] Added value: -0.04631747218067068917894582747539398821517 Dot Product value : 1.0000000000002842False  
 
 
[ 1.  1.  1. -1.  1.  1.  1. -1. -1. -1.  1.  1. -1. -1.] Added value: 0.04631747218067068917894582747539398821517 Dot Product value : -1.0000000000002842False  
 
 
[-1.  1.  1. -1. -1.  1.  1.  1. -1. -1. -1.  1.  1. -1.] Added value: 0.05643041490963691034405408222633179983242 Dot Product value : -0.999999999999929False  
 
 
[-1.  1.  1. -1.  1. -1.  1. -1. -1. -1.  1.  1.  1. -1.] Added value: 0.05848641700940194075387567764657774160563 Dot Product value : -1.0000000000000853False  
 
 
[-1.  1.  1. -1. -1.  1.  1. -1.  1. -1.  1. -1. -1.  1.] Added value: 0.07273613141869418639713059578027682606999 Dot Product value : -1.0000000000001137False  
 
 
[-1.  1.  1. -1.  1. -1. -1.  1.  1. -1. -1.  1. -1.  1.] Added value: 0.0891230392743215962422963315640564026794 Dot Product value : -0.9999999999998295False  
 

  
 Final Array taken : 
[[ 1. -1.  1. -1.  1. -1. -1.  1. -1. -1.  1.  1.  1. -1.]
 [ 1.  1.  1.  1. -1.  1. -1. -1.  1.  1. -1.  1. -1. -1.]
 [-1. -1. -1.  1. -1. -1. -1.  1.  1. -1.  1.  1. -1.  1.]
 [ 1.  1. -1.  1. -1. -1. -1. -1.  1. -1. -1.  1.  1.  1.]
 [-1.  1. -1.  1. -1.  1.  1.  1. -1. -1.  1. -1.  1. -1.]
 [ 1. -1. -1.  1.  1. -1.  1. -1. -1.  1. -1. -1.  1.  1.]
 [ 1.  1. -1. -1. -1.  1. -1. -1.  1.  1. -1.  1. -1.  1.]
 [ 1. -1.  1. -1. -1.  1. -1.  1.  1. -1.  1. -1. -1.  1.]
 [-1.  1.  1.  1. -1. -1. -1. -1.  1.  1. -1.  1.  1. -1.]
 [-1.  1.  1.  1. -1.  1. -1. -1. -1. -1.  1. -1.  1.  1.]
 [-1. -1. -1.  1. -1.  1. -1. -1.  1. -1. -1.  1.  1.  1.]
 [ 1.  1.  1.  1. -1. -1.  1.  1. -1.  1. -1.  1. -1. -1.]
 [ 1. -1. -1. -1.  1.  1.  1. -1.  1. -1.  1. -1.  1. -1.]
 [-1.  1. -1.  1.  1. -1. -1.  1.  1. -1.  1. -1. -1.  1.]]
 [ 35.  42.  54.  60.  64.  77.  80.  88.  91.  95. 101. 106. 112. 114.]
 Trues: 16374	 Falses 10
 
 
********************************************************************************
For n = 15

  
 Final Array taken : 
[[-1.  1.  1.  1.  1. -1.  1.  1. -1. -1. -1. -1.  1. -1.  1.]
 [-1. -1. -1.  1.  1.  1. -1.  1. -1. -1.  1. -1.  1. -1.  1.]
 [-1. -1. -1.  1.  1. -1. -1.  1.  1.  1. -1.  1. -1.  1. -1.]
 [-1. -1.  1.  1. -1. -1. -1. -1.  1.  1.  1.  1.  1. -1. -1.]
 [ 1. -1.  1.  1.  1. -1. -1.  1.  1. -1. -1. -1.  1.  1. -1.]
 [-1.  1.  1. -1.  1.  1.  1.  1. -1.  1. -1. -1. -1. -1.  1.]
 [-1.  1. -1.  1.  1.  1.  1.  1. -1.  1. -1. -1.  1. -1. -1.]
 [-1.  1. -1. -1.  1. -1.  1.  1. -1. -1. -1. -1.  1.  1.  1.]
 [ 1.  1.  1. -1. -1. -1.  1.  1. -1. -1.  1.  1.  1. -1. -1.]
 [ 1. -1.  1.  1. -1.  1.  1. -1.  1. -1. -1.  1. -1.  1. -1.]
 [ 1. -1.  1.  1. -1.  1.  1. -1. -1.  1.  1. -1. -1. -1.  1.]
 [ 1.  1.  1. -1.  1. -1. -1.  1. -1. -1. -1.  1.  1. -1.  1.]
 [-1.  1.  1.  1.  1.  1. -1. -1. -1.  1. -1. -1.  1.  1. -1.]
 [-1.  1. -1.  1. -1. -1. -1.  1.  1. -1. -1.  1. -1.  1.  1.]
 [ 1.  1. -1. -1.  1. -1.  1.  1.  1. -1.  1. -1. -1. -1.  1.]]
 [107. 131. 170. 186. 201. 240. 252. 274. 284. 294. 313. 331. 348. 356.
 364.]
 Trues: 32768	 Falses 0
 
 

