********************************************************************************
For n = 3

  
 Final Array taken : 
[[ 1.  1. -1.]
 [ 1. -1.  1.]
 [-1.  1.  1.]]
 [1. 1. 1.]
 Trues: 8	 Falses 0
 
 
********************************************************************************
For n = 4

  
 Final Array taken : 
[[-1.  1.  1. -1.]
 [-1.  1. -1.  1.]
 [-1. -1.  1.  1.]
 [ 1.  1.  1. -1.]]
 [-0.  1.  1.  1.]
 Trues: 16	 Falses 0
 
 
********************************************************************************
For n = 5

  
 Final Array taken : 
[[ 1.  1.  1. -1. -1.]
 [ 1.  1. -1.  1. -1.]
 [ 1.  1. -1. -1.  1.]
 [ 1. -1.  1.  1. -1.]
 [-1.  1.  1.  1. -1.]]
 [1. 1. 1. 1. 1.]
 Trues: 32	 Falses 0
 
 
********************************************************************************
For n = 6

  
 Final Array taken : 
[[-1.  1. -1.  1.  1. -1.]
 [ 1. -1. -1.  1. -1.  1.]
 [-1.  1.  1. -1. -1.  1.]
 [ 1. -1. -1. -1.  1.  1.]
 [-1. -1.  1.  1.  1. -1.]
 [ 1.  1.  1.  1. -1. -1.]]
 [1. 2. 2. 3. 3. 4.]
 Trues: 64	 Falses 0
 
 
********************************************************************************
For n = 7

  
 Final Array taken : 
[[ 1.  1.  1. -1. -1.  1. -1.]
 [ 1.  1.  1. -1. -1. -1.  1.]
 [-1. -1.  1. -1. -1.  1.  1.]
 [ 1. -1.  1.  1.  1. -1. -1.]
 [ 1.  1. -1.  1. -1.  1. -1.]
 [ 1.  1. -1. -1.  1.  1. -1.]
 [-1.  1.  1.  1.  1. -1. -1.]]
 [2. 2. 3. 3. 3. 4. 4.]
 Trues: 128	 Falses 0
 
 
********************************************************************************
For n = 8

  
 Final Array taken : 
[[ 1. -1. -1.  1. -1.  1.  1. -1.]
 [ 1. -1.  1. -1. -1.  1. -1.  1.]
 [-1.  1. -1.  1.  1. -1. -1.  1.]
 [-1.  1.  1. -1. -1.  1.  1. -1.]
 [ 1.  1.  1.  1.  1. -1. -1. -1.]
 [-1. -1.  1.  1.  1.  1. -1. -1.]
 [ 1. -1. -1. -1.  1.  1.  1. -1.]
 [ 1. -1.  1. -1. -1. -1.  1.  1.]]
 [ 4.  5.  6.  7.  7.  9.  9. 10.]
 Trues: 256	 Falses 0
 
 
********************************************************************************
For n = 9

  
 Final Array taken : 
[[-1. -1. -1.  1.  1. -1.  1. -1.  1.]
 [-1.  1.  1.  1.  1.  1. -1. -1. -1.]
 [-1. -1.  1. -1.  1. -1. -1.  1.  1.]
 [-1.  1. -1. -1. -1.  1. -1.  1.  1.]
 [ 1.  1. -1. -1.  1.  1.  1. -1. -1.]
 [ 1.  1.  1. -1. -1.  1. -1. -1.  1.]
 [ 1.  1.  1. -1. -1. -1.  1.  1. -1.]
 [-1. -1.  1. -1. -1.  1.  1.  1. -1.]
 [ 1. -1.  1.  1.  1. -1. -1.  1. -1.]]
 [ 6.  8. 10. 11. 12. 14. 15. 16. 17.]
 Trues: 512	 Falses 0
 
 
********************************************************************************
For n = 10

  
 Final Array taken : 
[[-1.  1.  1. -1.  1. -1. -1.  1. -1.  1.]
 [-1. -1. -1. -1. -1.  1.  1. -1.  1.  1.]
 [-1. -1.  1.  1.  1.  1. -1.  1. -1. -1.]
 [ 1. -1. -1.  1.  1. -1. -1. -1.  1.  1.]
 [ 1. -1. -1. -1.  1.  1.  1.  1. -1. -1.]
 [ 1. -1.  1. -1. -1.  1. -1.  1.  1. -1.]
 [-1.  1. -1.  1.  1. -1. -1.  1.  1. -1.]
 [-1.  1.  1. -1. -1.  1.  1. -1.  1. -1.]
 [ 1. -1. -1.  1. -1.  1.  1. -1. -1.  1.]
 [-1. -1.  1.  1.  1. -1.  1.  1. -1. -1.]]
 [ 8. 10. 13. 14. 16. 19. 19. 21. 22. 23.]
 Trues: 1024	 Falses 0
 
 
********************************************************************************
For n = 11
 
[-1. -1.  1.  1. -1. -1.  1. -1. -1.  1.  1.] Added value: -0.3032305209494286 Dot Product value : 1.0000000000000107False  
 
 
[ 1.  1. -1. -1.  1.  1. -1.  1.  1. -1. -1.] Added value: 0.3032305209494286 Dot Product value : -1.0000000000000107False  
 

  
 Final Array taken : 
[[-1. -1.  1.  1. -1. -1. -1.  1.  1. -1.  1.]
 [ 1.  1.  1. -1. -1.  1. -1. -1.  1.  1. -1.]
 [ 1.  1.  1. -1. -1. -1.  1.  1. -1.  1. -1.]
 [ 1. -1. -1. -1. -1.  1. -1.  1. -1.  1.  1.]
 [ 1. -1.  1.  1. -1.  1.  1.  1. -1. -1. -1.]
 [ 1. -1.  1.  1.  1. -1.  1. -1. -1. -1.  1.]
 [-1. -1.  1. -1. -1.  1.  1.  1. -1.  1. -1.]
 [ 1.  1. -1.  1. -1.  1.  1. -1. -1. -1.  1.]
 [ 1. -1. -1. -1. -1. -1.  1.  1.  1. -1.  1.]
 [ 1. -1.  1.  1.  1. -1. -1.  1. -1.  1. -1.]
 [ 1.  1.  1. -1. -1.  1. -1.  1. -1. -1.  1.]]
 [ 7.  8. 11. 12. 12. 15. 16. 17. 18. 19. 20.]
 Trues: 2046	 Falses 2
 
 
********************************************************************************
For n = 12
 
[-1.  1.  1. -1.  1. -1. -1.  1. -1.  1.  1. -1.] Added value: -0.22765174257234388 Dot Product value : 1.0False  
 
 
[-1.  1.  1.  1. -1. -1. -1.  1. -1.  1. -1.  1.] Added value: -0.14858824328914189 Dot Product value : 0.9999999999999716False  
 
 
[ 1. -1. -1. -1.  1.  1.  1. -1.  1. -1.  1. -1.] Added value: 0.14858824328914189 Dot Product value : -0.9999999999999716False  
 
 
[ 1. -1. -1.  1. -1.  1.  1. -1.  1. -1. -1.  1.] Added value: 0.22765174257234388 Dot Product value : -1.0False  
 

  
 Final Array taken : 
[[-1. -1.  1. -1. -1. -1. -1. -1.  1.  1.  1.  1.]
 [-1.  1. -1. -1.  1.  1.  1.  1. -1.  1. -1. -1.]
 [ 1. -1. -1.  1. -1.  1.  1. -1. -1.  1.  1. -1.]
 [ 1.  1.  1.  1. -1.  1. -1.  1.  1. -1. -1. -1.]
 [ 1.  1.  1.  1.  1. -1. -1. -1.  1. -1.  1. -1.]
 [ 1. -1. -1.  1.  1. -1. -1.  1. -1.  1. -1.  1.]
 [-1. -1.  1.  1.  1.  1. -1. -1.  1. -1.  1. -1.]
 [ 1. -1.  1. -1. -1.  1.  1. -1. -1.  1. -1.  1.]
 [-1.  1. -1.  1.  1. -1.  1. -1. -1.  1. -1.  1.]
 [-1. -1.  1.  1.  1. -1.  1.  1. -1. -1.  1. -1.]
 [ 1. -1.  1. -1.  1. -1. -1.  1. -1. -1.  1.  1.]
 [ 1. -1. -1.  1. -1. -1.  1.  1.  1.  1. -1. -1.]]
 [16. 20. 26. 28. 30. 36. 37. 41. 42. 45. 47. 49.]
 Trues: 4092	 Falses 4
 
 
********************************************************************************
For n = 13

  
 Final Array taken : 
[[-1. -1.  1. -1.  1.  1. -1. -1. -1.  1.  1. -1.  1.]
 [-1.  1.  1.  1. -1.  1.  1.  1. -1. -1.  1. -1. -1.]
 [-1.  1. -1. -1. -1. -1.  1.  1.  1.  1. -1.  1. -1.]
 [ 1.  1.  1. -1. -1. -1.  1.  1.  1. -1. -1. -1.  1.]
 [ 1. -1. -1. -1. -1.  1. -1.  1.  1. -1.  1. -1.  1.]
 [ 1.  1.  1. -1. -1.  1. -1.  1. -1. -1.  1.  1. -1.]
 [-1. -1. -1.  1. -1.  1.  1.  1.  1. -1. -1.  1. -1.]
 [-1. -1. -1.  1.  1. -1.  1. -1.  1. -1.  1.  1. -1.]
 [ 1. -1.  1.  1. -1. -1.  1.  1.  1.  1. -1. -1. -1.]
 [-1.  1.  1. -1. -1. -1. -1.  1. -1. -1.  1.  1.  1.]
 [ 1.  1.  1.  1. -1. -1. -1. -1. -1.  1. -1.  1.  1.]
 [-1.  1. -1.  1.  1.  1.  1.  1.  1. -1. -1. -1. -1.]
 [ 1. -1. -1. -1. -1. -1.  1.  1. -1.  1.  1.  1. -1.]]
 [ 32.  40.  52.  56.  60.  73.  76.  82.  87.  89.  95. 100. 105.]
 Trues: 8192	 Falses 0
 
 
********************************************************************************
For n = 14
 
[ 1. -1. -1.  1. -1.  1.  1. -1. -1.  1.  1. -1.  1. -1.] Added value: -0.0891230392743223 Dot Product value : 0.9999999999998295False  
 
 
[ 1. -1. -1.  1.  1. -1. -1.  1. -1.  1. -1.  1.  1. -1.] Added value: -0.0727361314186945 Dot Product value : 1.0000000000001137False  
 
 
[ 1. -1. -1.  1. -1.  1. -1.  1.  1.  1. -1. -1. -1.  1.] Added value: -0.05848641700940327 Dot Product value : 1.0000000000000853False  
 
 
[ 1. -1. -1.  1.  1. -1. -1. -1.  1.  1.  1. -1. -1.  1.] Added value: -0.05643041490963707 Dot Product value : 0.999999999999929False  
 
 
[-1. -1. -1.  1. -1. -1. -1.  1.  1.  1. -1. -1.  1.  1.] Added value: -0.046317472180671615 Dot Product value : 1.0000000000002842False  
 
 
[ 1.  1.  1. -1.  1.  1.  1. -1. -1. -1.  1.  1. -1. -1.] Added value: 0.046317472180671615 Dot Product value : -1.0000000000002842False  
 
 
[-1.  1.  1. -1. -1.  1.  1.  1. -1. -1. -1.  1.  1. -1.] Added value: 0.05643041490963707 Dot Product value : -0.999999999999929False  
 
 
[-1.  1.  1. -1.  1. -1.  1. -1. -1. -1.  1.  1.  1. -1.] Added value: 0.05848641700940327 Dot Product value : -1.0000000000000853False  
 
 
[-1.  1.  1. -1. -1.  1.  1. -1.  1. -1.  1. -1. -1.  1.] Added value: 0.0727361314186945 Dot Product value : -1.0000000000001137False  
 
 
[-1.  1.  1. -1.  1. -1. -1.  1.  1. -1. -1.  1. -1.  1.] Added value: 0.0891230392743223 Dot Product value : -0.9999999999998295False  
 

  
 Final Array taken : 
[[ 1. -1.  1. -1.  1. -1. -1.  1. -1. -1.  1.  1.  1. -1.]
 [ 1.  1.  1.  1. -1.  1. -1. -1.  1.  1. -1.  1. -1. -1.]
 [-1. -1. -1.  1. -1. -1. -1.  1.  1. -1.  1.  1. -1.  1.]
 [ 1.  1. -1.  1. -1. -1. -1. -1.  1. -1. -1.  1.  1.  1.]
 [-1.  1. -1.  1. -1.  1.  1.  1. -1. -1.  1. -1.  1. -1.]
 [ 1. -1. -1.  1.  1. -1.  1. -1. -1.  1. -1. -1.  1.  1.]
 [ 1.  1. -1. -1. -1.  1. -1. -1.  1.  1. -1.  1. -1.  1.]
 [ 1. -1.  1. -1. -1.  1. -1.  1.  1. -1.  1. -1. -1.  1.]
 [-1.  1.  1.  1. -1. -1. -1. -1.  1.  1. -1.  1.  1. -1.]
 [-1.  1.  1.  1. -1.  1. -1. -1. -1. -1.  1. -1.  1.  1.]
 [-1. -1. -1.  1. -1.  1. -1. -1.  1. -1. -1.  1.  1.  1.]
 [ 1.  1.  1.  1. -1. -1.  1.  1. -1.  1. -1.  1. -1. -1.]
 [ 1. -1. -1. -1.  1.  1.  1. -1.  1. -1.  1. -1.  1. -1.]
 [-1.  1. -1.  1.  1. -1. -1.  1.  1. -1.  1. -1. -1.  1.]]
 [ 35.  42.  54.  60.  64.  77.  80.  88.  91.  95. 101. 106. 112. 114.]
 Trues: 16374	 Falses 10
 
 
********************************************************************************
For n = 15

  
 Final Array taken : 
[[-1.  1.  1.  1.  1. -1.  1.  1. -1. -1. -1. -1.  1. -1.  1.]
 [-1. -1. -1.  1.  1.  1. -1.  1. -1. -1.  1. -1.  1. -1.  1.]
 [-1. -1. -1.  1.  1. -1. -1.  1.  1.  1. -1.  1. -1.  1. -1.]
 [-1. -1.  1.  1. -1. -1. -1. -1.  1.  1.  1.  1.  1. -1. -1.]
 [ 1. -1.  1.  1.  1. -1. -1.  1.  1. -1. -1. -1.  1.  1. -1.]
 [-1.  1.  1. -1.  1.  1.  1.  1. -1.  1. -1. -1. -1. -1.  1.]
 [-1.  1. -1.  1.  1.  1.  1.  1. -1.  1. -1. -1.  1. -1. -1.]
 [-1.  1. -1. -1.  1. -1.  1.  1. -1. -1. -1. -1.  1.  1.  1.]
 [ 1.  1.  1. -1. -1. -1.  1.  1. -1. -1.  1.  1.  1. -1. -1.]
 [ 1. -1.  1.  1. -1.  1.  1. -1.  1. -1. -1.  1. -1.  1. -1.]
 [ 1. -1.  1.  1. -1.  1.  1. -1. -1.  1.  1. -1. -1. -1.  1.]
 [ 1.  1.  1. -1.  1. -1. -1.  1. -1. -1. -1.  1.  1. -1.  1.]
 [-1.  1.  1.  1.  1.  1. -1. -1. -1.  1. -1. -1.  1.  1. -1.]
 [-1.  1. -1.  1. -1. -1. -1.  1.  1. -1. -1.  1. -1.  1.  1.]
 [ 1.  1. -1. -1.  1. -1.  1.  1.  1. -1.  1. -1. -1. -1.  1.]]
 [107. 131. 170. 186. 201. 240. 252. 274. 284. 294. 313. 331. 348. 356.
 364.]
 Trues: 32768	 Falses 0
 
 
********************************************************************************
For n = 16

  
 Final Array taken : 
[[ 1. -1. -1. -1.  1.  1.  1. -1. -1.  1.  1. -1.  1. -1.  1. -1.]
 [ 1. -1.  1.  1.  1. -1. -1. -1. -1. -1. -1. -1.  1.  1.  1.  1.]
 [ 1.  1.  1. -1.  1. -1.  1.  1.  1. -1.  1. -1. -1. -1. -1.  1.]
 [-1.  1.  1.  1. -1. -1. -1.  1. -1.  1.  1. -1. -1. -1.  1.  1.]
 [ 1.  1.  1. -1. -1.  1.  1.  1.  1. -1.  1. -1.  1. -1. -1. -1.]
 [-1.  1.  1.  1. -1. -1. -1. -1.  1. -1.  1.  1.  1.  1. -1. -1.]
 [ 1. -1.  1. -1. -1.  1.  1. -1. -1.  1.  1. -1. -1.  1. -1.  1.]
 [-1.  1. -1. -1.  1.  1. -1.  1.  1.  1. -1.  1. -1. -1.  1. -1.]
 [-1.  1. -1.  1.  1. -1. -1.  1. -1.  1.  1. -1. -1.  1.  1. -1.]
 [-1.  1. -1. -1. -1. -1. -1.  1.  1. -1. -1.  1.  1. -1.  1.  1.]
 [-1. -1.  1.  1.  1. -1.  1.  1. -1.  1. -1. -1. -1.  1. -1.  1.]
 [ 1. -1. -1.  1.  1.  1. -1. -1. -1.  1. -1. -1.  1.  1. -1.  1.]
 [ 1.  1.  1.  1. -1. -1.  1. -1.  1.  1. -1.  1. -1. -1.  1. -1.]
 [ 1. -1. -1.  1. -1.  1. -1. -1.  1.  1.  1.  1. -1. -1.  1. -1.]
 [ 1. -1. -1. -1.  1. -1.  1.  1. -1.  1.  1.  1.  1. -1. -1. -1.]
 [ 1.  1. -1.  1.  1.  1.  1. -1.  1. -1. -1.  1. -1. -1. -1.  1.]]
 [ 304.  373.  482.  527.  570.  681.  714.  776.  806.  834.  888.  938.
  987. 1010. 1033. 1098.]
 Trues: 65536	 Falses 0
 
 
********************************************************************************
For n = 17
 
[ 1. -1. -1. -1. -1.  1.  1. -1. -1.  1. -1.  1.  1. -1.  1.  1. -1.] Added value: -0.006829659223651419 Dot Product value : 0.9999999999997726False  
 
 
[ 1. -1. -1. -1.  1.  1. -1. -1.  1. -1. -1.  1. -1. -1.  1.  1.  1.] Added value: -0.006050312314894946 Dot Product value : 0.9999999999990905False  
 
 
[-1.  1.  1.  1. -1. -1.  1.  1. -1.  1.  1. -1.  1.  1. -1. -1. -1.] Added value: 0.006050312314894946 Dot Product value : -0.9999999999990905False  
 
 
[-1.  1.  1.  1.  1. -1. -1.  1.  1. -1.  1. -1. -1.  1. -1. -1.  1.] Added value: 0.006829659223651419 Dot Product value : -0.9999999999997726False  
 

  
 Final Array taken : 
[[-1. -1.  1. -1.  1. -1. -1.  1.  1. -1.  1.  1. -1. -1.  1.  1. -1.]
 [-1. -1.  1. -1. -1.  1. -1.  1.  1. -1.  1.  1.  1. -1.  1. -1. -1.]
 [-1. -1. -1.  1.  1. -1. -1.  1.  1. -1.  1.  1.  1. -1. -1.  1. -1.]
 [ 1.  1.  1. -1.  1. -1. -1. -1.  1. -1. -1.  1.  1. -1.  1.  1. -1.]
 [-1. -1.  1.  1. -1. -1.  1. -1. -1.  1. -1.  1.  1.  1. -1.  1. -1.]
 [ 1. -1.  1. -1.  1.  1.  1.  1.  1. -1. -1. -1. -1. -1. -1.  1.  1.]
 [-1. -1.  1.  1. -1.  1. -1.  1. -1.  1. -1. -1. -1. -1.  1.  1.  1.]
 [-1. -1. -1. -1.  1.  1.  1. -1.  1.  1.  1.  1. -1. -1. -1. -1.  1.]
 [-1. -1.  1.  1.  1. -1. -1. -1.  1. -1. -1.  1. -1.  1. -1.  1.  1.]
 [-1. -1. -1. -1. -1. -1.  1. -1.  1. -1.  1.  1.  1. -1. -1.  1.  1.]
 [-1.  1. -1. -1.  1.  1. -1. -1. -1. -1.  1.  1. -1.  1.  1.  1. -1.]
 [-1. -1.  1.  1.  1. -1. -1. -1. -1.  1.  1. -1. -1. -1.  1.  1.  1.]
 [-1. -1. -1.  1.  1.  1. -1.  1. -1.  1. -1. -1. -1.  1.  1. -1.  1.]
 [ 1. -1.  1.  1. -1.  1. -1.  1. -1.  1.  1.  1. -1. -1. -1. -1.  1.]
 [ 1.  1.  1. -1. -1.  1. -1.  1. -1.  1. -1. -1. -1.  1.  1.  1. -1.]
 [-1.  1.  1. -1.  1. -1.  1.  1.  1.  1. -1.  1. -1. -1. -1.  1. -1.]
 [ 1. -1.  1.  1. -1. -1.  1.  1.  1. -1. -1.  1. -1.  1.  1. -1. -1.]]
 [ 279.  341.  441.  483.  522.  624.  654.  711.  738.  764.  813.  860.
  904.  925.  946. 1006. 1062.]
 Trues: 131068	 Falses 4
 
 
********************************************************************************
For n = 18

  
 Final Array taken : 
[[ 1.  1. -1. -1. -1. -1.  1.  1. -1.  1.  1. -1. -1. -1.  1.  1.  1. -1.]
 [ 1. -1. -1. -1. -1.  1. -1. -1. -1. -1.  1. -1.  1.  1.  1.  1. -1.  1.]
 [ 1.  1. -1. -1. -1. -1.  1. -1.  1. -1.  1.  1.  1.  1. -1. -1.  1. -1.]
 [-1. -1. -1. -1.  1. -1.  1. -1.  1. -1.  1.  1.  1. -1. -1.  1. -1.  1.]
 [-1. -1. -1.  1.  1.  1. -1.  1.  1.  1.  1.  1. -1. -1. -1. -1.  1. -1.]
 [ 1.  1.  1. -1.  1.  1. -1. -1.  1.  1. -1.  1. -1. -1.  1. -1.  1. -1.]
 [ 1.  1. -1.  1.  1.  1. -1. -1.  1.  1. -1.  1.  1. -1. -1. -1.  1. -1.]
 [ 1.  1.  1.  1.  1. -1. -1. -1. -1.  1.  1. -1. -1.  1.  1. -1.  1. -1.]
 [ 1.  1. -1. -1. -1. -1. -1.  1.  1.  1.  1. -1.  1. -1.  1. -1. -1.  1.]
 [-1. -1.  1. -1. -1.  1.  1. -1. -1.  1. -1. -1. -1. -1.  1.  1.  1.  1.]
 [ 1. -1.  1.  1.  1. -1. -1. -1. -1. -1. -1.  1.  1. -1.  1. -1.  1.  1.]
 [-1. -1.  1. -1. -1. -1. -1.  1.  1. -1.  1.  1. -1. -1.  1.  1.  1. -1.]
 [-1. -1.  1.  1.  1.  1. -1. -1. -1.  1.  1. -1.  1. -1.  1. -1. -1.  1.]
 [ 1. -1.  1.  1.  1. -1.  1.  1. -1.  1.  1. -1.  1. -1. -1.  1. -1. -1.]
 [-1.  1. -1. -1.  1.  1. -1.  1.  1.  1. -1. -1. -1.  1.  1.  1. -1. -1.]
 [ 1. -1.  1.  1.  1.  1. -1.  1. -1.  1.  1.  1. -1. -1. -1. -1. -1.  1.]
 [ 1. -1.  1.  1.  1.  1. -1.  1.  1. -1.  1. -1.  1. -1. -1. -1.  1. -1.]
 [-1.  1. -1.  1. -1.  1.  1. -1.  1. -1. -1.  1. -1.  1.  1.  1. -1. -1.]]
 [ 696.  852. 1100. 1205. 1302. 1556. 1632. 1774. 1841. 1906. 2029. 2145.
 2255. 2308. 2360. 2509. 2650. 2695.]
 Trues: 262144	 Falses 0
 
 
********************************************************************************
For n = 19

  
 Final Array taken : 
[[ 1. -1.  1. -1.  1.  1.  1. -1. -1. -1.  1.  1. -1.  1.  1. -1.  1. -1.
  -1.]
 [ 1.  1.  1.  1.  1. -1.  1.  1. -1.  1. -1. -1.  1. -1.  1. -1. -1.  1.
  -1.]
 [-1.  1. -1.  1. -1. -1. -1.  1.  1. -1. -1.  1.  1. -1.  1. -1.  1.  1.
  -1.]
 [ 1. -1. -1.  1.  1.  1.  1. -1. -1. -1.  1.  1.  1.  1. -1. -1.  1. -1.
  -1.]
 [-1.  1.  1. -1. -1. -1.  1. -1. -1.  1.  1. -1. -1. -1.  1.  1.  1. -1.
   1.]
 [-1.  1.  1.  1.  1. -1.  1. -1. -1. -1.  1.  1. -1.  1. -1.  1. -1.  1.
  -1.]
 [-1.  1. -1. -1. -1.  1.  1.  1. -1.  1. -1. -1. -1.  1.  1. -1.  1. -1.
   1.]
 [ 1. -1. -1.  1. -1. -1.  1. -1.  1. -1. -1.  1. -1. -1.  1.  1.  1. -1.
   1.]
 [-1.  1.  1.  1. -1.  1.  1. -1. -1. -1.  1.  1.  1.  1. -1. -1. -1.  1.
  -1.]
 [-1. -1. -1.  1. -1.  1.  1. -1.  1.  1.  1. -1. -1. -1.  1.  1. -1. -1.
   1.]
 [ 1.  1.  1.  1. -1.  1. -1.  1. -1. -1. -1. -1. -1. -1. -1.  1.  1.  1.
   1.]
 [ 1. -1. -1. -1. -1.  1.  1.  1. -1.  1. -1. -1. -1. -1.  1.  1.  1.  1.
  -1.]
 [-1.  1. -1.  1. -1.  1. -1. -1. -1.  1.  1.  1. -1. -1. -1. -1.  1.  1.
   1.]
 [ 1. -1. -1. -1.  1. -1.  1. -1.  1. -1. -1.  1. -1.  1. -1.  1.  1.  1.
  -1.]
 [ 1. -1.  1. -1. -1.  1. -1. -1. -1. -1.  1.  1. -1.  1. -1.  1. -1.  1.
   1.]
 [-1.  1.  1.  1. -1. -1.  1.  1.  1.  1. -1. -1. -1.  1. -1.  1.  1. -1.
  -1.]
 [-1. -1. -1.  1. -1. -1. -1. -1. -1.  1. -1.  1. -1.  1.  1.  1.  1.  1.
  -1.]
 [-1.  1. -1. -1.  1. -1. -1.  1.  1. -1. -1.  1.  1. -1.  1.  1. -1. -1.
   1.]
 [ 1.  1. -1. -1. -1.  1. -1.  1.  1.  1.  1. -1.  1. -1.  1.  1. -1. -1.
  -1.]]
 [1781.         2181.         2816.         3085.         3332.
 3982.         4177.         4541.         4712.         4877.
 5193.         5489.00000001 5771.00000001 5907.00000001 6040.00000001
 6421.00000001 6782.00000001 6898.00000001 7012.00000001]
 Trues: 524288	 Falses 0
 
 
********************************************************************************
For n = 20
 
[-1. -1.  1. -1.  1.  1.  1. -1. -1.  1.  1.  1. -1. -1.  1.  1.  1. -1.
 -1. -1.] Added value: -0.009781315668141666 Dot Product value : 1.000000000017053False  
 
 
[-1. -1.  1. -1.  1.  1. -1.  1.  1. -1.  1.  1.  1. -1.  1. -1. -1. -1.
 -1.  1.] Added value: -0.008672222784757544 Dot Product value : 1.000000000010914False  
 
 
[-1. -1.  1. -1.  1.  1. -1. -1.  1.  1.  1.  1.  1. -1.  1. -1. -1.  1.
 -1. -1.] Added value: -0.008482224270633942 Dot Product value : 1.0000000000161435False  
 
 
[-1. -1. -1. -1.  1. -1.  1. -1.  1. -1.  1.  1.  1. -1. -1.  1.  1. -1.
 -1.  1.] Added value: -0.006510873509136594 Dot Product value : 1.000000000003638False  
 
 
[-1. -1. -1. -1.  1. -1.  1. -1. -1. -1.  1.  1.  1.  1.  1.  1.  1. -1.
 -1. -1.] Added value: -0.006456373860777909 Dot Product value : 1.00000000000432False  
 
 
[-1. -1.  1.  1.  1.  1. -1. -1. -1.  1.  1. -1.  1. -1.  1. -1.  1. -1.
 -1.  1.] Added value: -0.0056116420917664556 Dot Product value : 1.0000000000027285False  
 
 
[ 1. -1.  1. -1.  1. -1.  1. -1. -1. -1.  1.  1.  1. -1. -1.  1. -1.  1.
 -1.  1.] Added value: -0.005141031476932234 Dot Product value : 1.0000000000086402False  
 
 
[-1. -1.  1. -1.  1. -1. -1. -1.  1.  1. -1. -1. -1. -1.  1.  1.  1.  1.
 -1.  1.] Added value: -0.004704138305110739 Dot Product value : 1.0000000000150067False  
 
 
[-1. -1.  1. -1. -1.  1. -1. -1.  1.  1. -1. -1.  1. -1.  1. -1.  1.  1.
 -1.  1.] Added value: -0.004539077371421563 Dot Product value : 1.0000000000136424False  
 
 
[-1.  1. -1. -1. -1. -1.  1.  1. -1. -1. -1.  1.  1. -1.  1. -1.  1.  1.
 -1.  1.] Added value: -0.004260184812596712 Dot Product value : 1.0000000000081855False  
 
 
[ 1. -1. -1.  1.  1.  1.  1.  1.  1. -1.  1.  1. -1. -1.  1. -1.  1. -1.
 -1. -1.] Added value: -0.00409905547971956 Dot Product value : 1.00000000000432False  
 
 
[-1.  1.  1.  1. -1.  1.  1.  1.  1. -1.  1.  1. -1. -1.  1. -1. -1.  1.
 -1. -1.] Added value: -0.003669696383437504 Dot Product value : 1.000000000013415False  
 
 
[ 1. -1. -1.  1.  1. -1.  1. -1. -1. -1.  1.  1.  1. -1.  1. -1. -1. -1.
  1.  1.] Added value: -0.003595905913564401 Dot Product value : 0.9999999999956799False  
 
 
[-1.  1.  1. -1.  1.  1.  1.  1.  1.  1. -1.  1.  1. -1. -1. -1. -1. -1.
 -1.  1.] Added value: -0.0032286323821297813 Dot Product value : 1.000000000001819False  
 
 
[-1.  1.  1. -1.  1.  1.  1.  1. -1.  1. -1.  1.  1.  1.  1. -1. -1. -1.
 -1. -1.] Added value: -0.0031741327337746483 Dot Product value : 1.000000000002501False  
 
 
[ 1. -1.  1.  1.  1. -1.  1.  1.  1. -1. -1.  1. -1.  1.  1. -1. -1. -1.
 -1.  1.] Added value: -0.0031024735983082863 Dot Product value : 1.0000000000027285False  
 
 
[ 1. -1.  1.  1.  1. -1.  1. -1.  1.  1. -1.  1. -1.  1.  1. -1. -1.  1.
 -1. -1.] Added value: -0.0029124750841882374 Dot Product value : 1.0000000000088676False  
 
 
[ 1. -1. -1. -1. -1. -1.  1. -1.  1. -1. -1.  1.  1. -1.  1. -1. -1.  1.
  1.  1.] Added value: -0.00252334119321862 Dot Product value : 1.0000000000065938False  
 
 
[-1.  1. -1. -1. -1. -1. -1. -1. -1.  1.  1.  1.  1.  1.  1.  1. -1. -1.
 -1.  1.] Added value: -0.0023445903411181135 Dot Product value : 1.0000000000004547False  
 
 
[ 1.  1.  1.  1. -1.  1.  1. -1. -1. -1. -1.  1. -1.  1.  1.  1. -1. -1.
 -1.  1.] Added value: -0.0023264575432699885 Dot Product value : 1.0000000000063665False  
 
 
[ 1.  1. -1.  1.  1.  1. -1. -1.  1. -1.  1.  1. -1. -1.  1.  1. -1.  1.
 -1. -1.] Added value: -0.002189008960857386 Dot Product value : 1.000000000007958False  
 
 
[ 1. -1.  1. -1.  1. -1. -1.  1. -1. -1.  1.  1. -1.  1.  1. -1.  1. -1.
 -1.  1.] Added value: -0.002105447919018566 Dot Product value : 1.0000000000029559False  
 
 
[ 1. -1.  1. -1.  1. -1. -1. -1.  1.  1.  1.  1. -1. -1. -1. -1.  1.  1.
 -1.  1.] Added value: -0.0019699490532554265 Dot Product value : 1.000000000007276False  
 
 
[-1. -1.  1.  1. -1.  1.  1. -1.  1. -1.  1. -1. -1.  1.  1.  1.  1. -1.
 -1. -1.] Added value: -0.0019227385324098734 Dot Product value : 1.000000000007958False  
 
 
[ 1. -1.  1. -1.  1. -1. -1. -1. -1.  1.  1.  1. -1.  1.  1. -1.  1.  1.
 -1. -1.] Added value: -0.0019154494048967408 Dot Product value : 1.0000000000088676False  
 
 
[ 1.  1.  1. -1.  1.  1. -1. -1. -1.  1.  1. -1.  1.  1.  1. -1. -1. -1.
 -1.  1.] Added value: -0.0015604823963260017 Dot Product value : 1.000000000001819False  
 
 
[-1. -1. -1.  1. -1. -1.  1.  1.  1. -1. -1.  1. -1. -1. -1.  1.  1.  1.
  1. -1.] Added value: 0.0015604823963260017 Dot Product value : -1.000000000001819False  
 
 
[-1.  1. -1.  1. -1.  1.  1.  1.  1. -1. -1. -1.  1. -1. -1.  1. -1. -1.
  1.  1.] Added value: 0.0019154494048967408 Dot Product value : -1.0000000000088676False  
 
 
[ 1.  1. -1. -1.  1. -1. -1.  1. -1.  1. -1.  1.  1. -1. -1. -1. -1.  1.
  1.  1.] Added value: 0.0019227385324098734 Dot Product value : -1.000000000007958False  
 
 
[-1.  1. -1.  1. -1.  1.  1.  1. -1. -1. -1. -1.  1.  1.  1.  1. -1. -1.
  1. -1.] Added value: 0.0019699490532554265 Dot Product value : -1.000000000007276False  
 
 
[-1.  1. -1.  1. -1.  1.  1. -1.  1.  1. -1. -1.  1. -1. -1.  1. -1.  1.
  1. -1.] Added value: 0.002105447919018566 Dot Product value : -1.0000000000029559False  
 
 
[-1. -1.  1. -1. -1. -1.  1.  1. -1.  1. -1. -1.  1.  1. -1. -1.  1. -1.
  1.  1.] Added value: 0.002189008960857386 Dot Product value : -1.000000000007958False  
 
 
[-1. -1. -1. -1.  1. -1. -1.  1.  1.  1.  1. -1.  1. -1. -1. -1.  1.  1.
  1. -1.] Added value: 0.0023264575432699885 Dot Product value : -1.0000000000063665False  
 
 
[ 1. -1.  1.  1.  1.  1.  1.  1.  1. -1. -1. -1. -1. -1. -1. -1.  1.  1.
  1. -1.] Added value: 0.0023445903411181135 Dot Product value : -1.0000000000004547False  
 
 
[-1.  1.  1.  1.  1.  1. -1.  1. -1.  1.  1. -1. -1.  1. -1.  1.  1. -1.
 -1. -1.] Added value: 0.00252334119321862 Dot Product value : -1.0000000000065938False  
 
 
[-1.  1. -1. -1. -1.  1. -1.  1. -1. -1.  1. -1.  1. -1. -1.  1.  1. -1.
  1.  1.] Added value: 0.0029124750841882374 Dot Product value : -1.0000000000088676False  
 
 
[-1.  1. -1. -1. -1.  1. -1. -1. -1.  1.  1. -1.  1. -1. -1.  1.  1.  1.
  1. -1.] Added value: 0.0031024735983082863 Dot Product value : -1.0000000000027285False  
 
 
[ 1. -1. -1.  1. -1. -1. -1. -1.  1. -1.  1. -1. -1. -1. -1.  1.  1.  1.
  1.  1.] Added value: 0.0031741327337746483 Dot Product value : -1.000000000002501False  
 
 
[ 1. -1. -1.  1. -1. -1. -1. -1. -1. -1.  1. -1. -1.  1.  1.  1.  1.  1.
  1. -1.] Added value: 0.0032286323821297813 Dot Product value : -1.000000000001819False  
 
 
[-1.  1.  1. -1. -1.  1. -1.  1.  1.  1. -1. -1. -1.  1. -1.  1.  1.  1.
 -1. -1.] Added value: 0.003595905913564401 Dot Product value : -0.9999999999956799False  
 
 
[ 1. -1. -1. -1.  1. -1. -1. -1. -1.  1. -1. -1.  1.  1. -1.  1.  1. -1.
  1.  1.] Added value: 0.003669696383437504 Dot Product value : -1.000000000013415False  
 
 
[-1.  1.  1. -1. -1. -1. -1. -1. -1.  1. -1. -1.  1.  1. -1.  1. -1.  1.
  1.  1.] Added value: 0.00409905547971956 Dot Product value : -1.00000000000432False  
 
 
[ 1. -1.  1.  1.  1.  1. -1. -1.  1.  1.  1. -1. -1.  1. -1.  1. -1. -1.
  1. -1.] Added value: 0.004260184812596712 Dot Product value : -1.0000000000081855False  
 
 
[ 1.  1. -1.  1.  1. -1.  1.  1. -1. -1.  1.  1. -1.  1. -1.  1. -1. -1.
  1. -1.] Added value: 0.004539077371421563 Dot Product value : -1.0000000000136424False  
 
 
[ 1.  1. -1.  1. -1.  1.  1.  1. -1. -1.  1.  1.  1.  1. -1. -1. -1. -1.
  1. -1.] Added value: 0.004704138305110739 Dot Product value : -1.0000000000150067False  
 
 
[-1.  1. -1.  1. -1.  1. -1.  1.  1.  1. -1. -1. -1.  1.  1. -1.  1. -1.
  1. -1.] Added value: 0.005141031476932234 Dot Product value : -1.0000000000086402False  
 
 
[ 1.  1. -1. -1. -1. -1.  1.  1.  1. -1. -1.  1. -1.  1. -1.  1. -1.  1.
  1. -1.] Added value: 0.0056116420917664556 Dot Product value : -1.0000000000027285False  
 
 
[ 1.  1.  1.  1. -1.  1. -1.  1.  1.  1. -1. -1. -1. -1. -1. -1. -1.  1.
  1.  1.] Added value: 0.006456373860777909 Dot Product value : -1.00000000000432False  
 
 
[ 1.  1.  1.  1. -1.  1. -1.  1. -1.  1. -1. -1. -1.  1.  1. -1. -1.  1.
  1. -1.] Added value: 0.006510873509136594 Dot Product value : -1.000000000003638False  
 
 
[ 1.  1. -1.  1. -1. -1.  1.  1. -1. -1. -1. -1. -1.  1. -1.  1.  1. -1.
  1.  1.] Added value: 0.008482224270633942 Dot Product value : -1.0000000000161435False  
 
 
[ 1.  1. -1.  1. -1. -1.  1. -1. -1.  1. -1. -1. -1.  1. -1.  1.  1.  1.
  1. -1.] Added value: 0.008672222784757544 Dot Product value : -1.000000000010914False  
 
 
[ 1.  1. -1.  1. -1. -1. -1.  1.  1. -1. -1. -1.  1.  1. -1. -1. -1.  1.
  1.  1.] Added value: 0.009781315668141666 Dot Product value : -1.000000000017053False  
 

  
 Final Array taken : 
[[ 1.  1. -1.  1. -1.  1. -1.  1.  1.  1.  1.  1. -1. -1.  1. -1. -1. -1.
  -1.  1.]
 [-1. -1.  1. -1. -1.  1. -1. -1.  1. -1. -1.  1.  1.  1. -1.  1.  1. -1.
  -1.  1.]
 [ 1. -1. -1.  1. -1. -1.  1.  1.  1.  1. -1. -1.  1. -1.  1. -1. -1.  1.
  -1.  1.]
 [-1. -1.  1.  1. -1.  1.  1.  1. -1. -1.  1.  1. -1. -1.  1. -1.  1. -1.
   1. -1.]
 [ 1.  1.  1.  1.  1. -1.  1. -1. -1. -1. -1.  1. -1. -1.  1.  1.  1. -1.
   1. -1.]
 [ 1.  1.  1.  1. -1.  1.  1. -1. -1. -1. -1.  1.  1. -1.  1. -1.  1. -1.
   1. -1.]
 [-1.  1.  1.  1.  1.  1.  1. -1. -1.  1.  1. -1. -1. -1.  1.  1. -1. -1.
   1. -1.]
 [-1. -1. -1.  1. -1. -1.  1. -1.  1. -1.  1.  1. -1.  1. -1.  1. -1.  1.
  -1.  1.]
 [-1.  1. -1. -1.  1.  1. -1.  1.  1.  1. -1. -1.  1. -1.  1. -1.  1.  1.
  -1. -1.]
 [-1. -1.  1. -1.  1.  1.  1.  1. -1. -1.  1.  1. -1.  1. -1. -1.  1.  1.
  -1. -1.]
 [-1. -1.  1.  1.  1.  1.  1.  1. -1. -1. -1. -1. -1. -1.  1. -1. -1.  1.
   1.  1.]
 [-1.  1.  1. -1. -1. -1. -1.  1.  1.  1. -1.  1.  1.  1.  1. -1.  1. -1.
  -1. -1.]
 [ 1. -1. -1. -1. -1. -1. -1.  1. -1.  1.  1. -1.  1. -1.  1. -1.  1.  1.
  -1.  1.]
 [-1.  1.  1.  1.  1. -1. -1. -1. -1.  1. -1.  1. -1. -1. -1.  1.  1.  1.
  -1.  1.]
 [ 1. -1. -1. -1.  1.  1.  1. -1.  1.  1. -1. -1. -1. -1.  1.  1.  1. -1.
   1. -1.]
 [-1. -1.  1.  1.  1. -1. -1.  1.  1. -1.  1.  1. -1. -1.  1. -1. -1.  1.
   1. -1.]
 [ 1. -1.  1.  1. -1.  1.  1.  1.  1.  1. -1.  1. -1. -1. -1.  1. -1. -1.
  -1.  1.]
 [ 1. -1.  1.  1. -1.  1.  1.  1. -1.  1. -1.  1. -1.  1.  1.  1. -1. -1.
  -1. -1.]
 [ 1. -1.  1.  1.  1.  1.  1. -1.  1. -1.  1. -1. -1.  1. -1. -1. -1.  1.
  -1.  1.]
 [-1.  1.  1. -1. -1.  1.  1.  1.  1. -1. -1. -1. -1. -1.  1.  1. -1. -1.
   1.  1.]]
 [ 400.          490.          633.          693.          749.
  895.          939.         1019.99999999 1058.99999999 1095.99999999
 1166.99999999 1233.99999999 1296.99999999 1326.99999999 1357.99999999
 1442.99999999 1523.99999999 1549.99999999 1574.99999999 1625.99999999]
 Trues: 1048524	 Falses 52
 
 

