The binary number in column 1 represents the coefficients taken , 1 => +1 coefficient, 0 => -1 coefficient 
 Coefficients     Steps to walk till sign change     Evaluated value(sorted)
********************************************************************************
For n = 2
10     1     0.31783724519578205 
11     1     3.1462643699419726 
********************************************************************************
For n = 3
011     1     0.9101963924421828 
101     1     1.9182307323040078 
110     1     2.5539052226955716 
111     2     5.382332347441762 
********************************************************************************
For n = 4
0110     1     0.10441547991239375 
1010     1     0.5312590104791701 
1100     1     1.5392933503409951 
0111     1     2.9328426046585845 
1011     1     3.3596861352253606 
1101     1     4.367720475087186 
1110     2     5.0033949654787495 
1111     2     7.83182209022494 
********************************************************************************
For n = 5
00111     1     0.28709129359399377 
01011     1     0.7139348241607699 
10011     1     1.1064579607235956 
01101     1     1.7219691640225951 
10101     1     2.114492300585421 
01110     1     2.357643654414159 
11001     1     2.541335831152197 
10110     1     2.7501667909769845 
11010     1     3.1770103215437606 
11100     1     4.185044661405586 
01111     2     5.1860707791603495 
10111     2     5.578593915723175 
11011     2     6.005437446289951 
11101     2     7.013471786151777 
11110     2     7.64914627654334 
11111     3     10.477573401289531 
********************************************************************************
For n = 6
011010     1     0.014732661375381095 
101001     1     0.41211086919139506 
100110     1     0.6209418290161826 
110001     1     0.8046340057542207 
011100     1     1.0227670012372063 
101010     1     1.0477853595829587 
110010     1     1.4403084961457844 
001111     1     2.02379311899197 
101100     1     2.055819699444784 
010111     1     2.4163162555547957 
110100     1     2.4483428360076096 
011011     1     2.843159786121572 
111000     1     2.8751863665743858 
100111     1     3.4493689537623733 
011101     1     3.851194125983397 
101011     1     3.8762124843291494 
110011     1     4.268735620891976 
011110     1     4.486868616374961 
101101     1     4.884246824190974 
110101     1     5.2767699607538 
101110     1     5.519921314582538 
111001     1     5.703613491320576 
110110     1     5.9124444511453635 
111010     2     6.33928798171214 
011111     2     7.315295741121151 
111100     2     7.347322321573966 
101111     2     8.34834843932873 
110111     2     8.740871575891555 
111011     2     9.167715106458331 
111101     2     10.175749446320156 
111110     2     10.81142393671172 
111111     3     13.639851061457911 
********************************************************************************
For n = 7
0100111     1     0.13274416340697348 
1000111     1     0.44143842378101406 
1100100     1     0.473465004233828 
0011101     1     0.5345693356279972 
0101011     1     0.5595876939737496 
1001011     1     0.8682819543477902 
1101000     1     0.9003085348006041 
0110011     1     0.9521108305365757 
0011110     1     1.1702438260195613 
1010011     1     1.2608050909106159 
1110000     1     1.2928316713634298 
0101101     1     1.5676220338355744 
1001101     1     1.8763162942096154 
0110101     1     1.9601451703984 
0101110     1     2.203296524227138 
1010101     1     2.268839430772441 
1100011     1     2.2938577891181935 
0111001     1     2.3869887009651762 
1001110     1     2.511990784601179 
0110110     1     2.5958196607899637 
1011001     1     2.6956829613392173 
1010110     1     2.9045139211640048 
0111010     1     3.02266319135674 
1100101     1     3.3018921289800187 
1011010     1     3.331357451730781 
1101001     1     3.728735659546795 
1100110     1     3.9375666193715824 
0011111     1     3.998670950765751 
0111100     1     4.030697531218566 
1110001     1     4.12125879610962 
1011100     1     4.339391791592606 
1101010     1     4.364410149938358 
1110010     1     4.756933286501184 
0101111     1     5.03172364897333 
1001111     1     5.340417909347369 
1101100     1     5.372444489800184 
0110111     1     5.424246785536155 
1010111     1     5.732941045910195 
1110100     1     5.76496762636301 
0111011     1     5.8510903161029315 
1011011     1     6.159784576476971 
1111000     1     6.191811156929786 
1100111     2     6.7659937441177735 
0111101     2     6.859124655964756 
1011101     2     7.167818916338797 
1101011     2     7.19283727468455 
0111110     2     7.4947991463563195 
1110011     2     7.585360411247375 
1011110     2     7.803493406730361 
1101101     2     8.200871614546374 
1110101     2     8.5933947511092 
1101110     2     8.836546104937938 
1111001     2     9.020238281675976 
1110110     2     9.229069241500763 
1111010     2     9.65591277206754 
0111111     2     10.323226271102511 
1011111     2     10.63192053147655 
1111100     2     10.663947111929366 
1101111     2     11.66497322968413 
1110111     2     12.057496366246955 
1111011     2     12.484339896813731 
1111101     3     13.492374236675555 
1111110     3     14.12804872706712 
1111111     3     16.95647585181331 
********************************************************************************
For n = 8
01101001     1     0.12318438408280574 
10100101     1     0.2741938237332082 
10011010     1     0.3036591464839704 
01100110     1     0.33201534390759324 
00011111     1     0.39311967530176206 
00111100     1     0.4251462557545769 
01110001     1     0.515707520645631 
11000101     1     0.5828880841072492 
10101001     1     0.7010373542999844 
01011100     1     0.7338405161286166 
01101010     1     0.758858874474369 
10100110     1     0.9098683141247719 
11001001     1     1.0097316146740254 
10110001     1     1.09356049086281 
01110010     1     1.1513820110371946 
11000110     1     1.218562574498813 
10011100     1     1.3116934863457956 
10101010     1     1.336711844691548 
11010001     1     1.402254751236851 
00101111     1     1.4261723735093406 
11001010     1     1.645406105065589 
10110010     1     1.7292349812543737 
01001111     1     1.7348666338833802 
01101100     1     1.766893214336195 
00110111     1     1.8186955100721662 
11010010     1     2.0379292416284147 
01010111     1     2.127389770446206 
01110100     1     2.1594163508990207 
00111011     1     2.2455390406389424 
10001111     1     2.3127196041005593 
10101100     1     2.3447461845533732 
11100001     1     2.435307449444428 
01011011     1     2.554233301012982 
01111000     1     2.586259881465797 
11001100     1     2.6534404449274134 
10010111     1     2.705242740663385 
10110100     1     2.737269321116199 
11010100     1     3.0459635814902395 
11100010     1     3.070981939835992 
10011011     1     3.132086271230161 
01100111     1     3.1604424686537844 
10111000     1     3.164112851682975 
00111101     1     3.2535733805007667 
11011000     1     3.4728071120570156 
01011101     1     3.562267640874808 
01101011     1     3.5872859992205606 
10100111     1     3.7382954388709626 
00111110     1     3.8892478708923304 
01110011     1     3.9798091357833862 
11000111     1     4.046989699245003 
11100100     1     4.079016279697817 
10011101     1     4.140120611091986 
10101011     1     4.165138969437739 
01011110     1     4.197942131266371 
11001011     1     4.473833229811779 
11101000     1     4.505859810264593 
10110011     1     4.557662106000565 
01101101     1     4.5953203390823845 
10011110     1     4.775795101483551 
11010011     1     4.866356366374605 
11110000     1     4.898382946827419 
01110101     1     4.98784347564521 
10101101     1     5.173173309299564 
01101110     1     5.230994829473948 
01111001     1     5.414687006211986 
11001101     1     5.481867569673605 
10110101     1     5.56569644586239 
01110110     1     5.623517966036774 
10101110     1     5.808847799691128 
11010101     1     5.87439070623643 
11100011     1     5.899409064582183 
10111001     1     5.992539976429166 
01111010     1     6.05036149660355 
11001110     1     6.117542060065168 
10110110     1     6.201370936253953 
11011001     1     6.301234236803206 
11010110     1     6.510065196627994 
10111010     1     6.6282144668207295 
00111111     2     6.7176749956385216 
11100101     1     6.907443404444008 
11011010     1     6.93690872719477 
01011111     2     7.026369256012561 
01111100     2     7.058395836465376 
11101001     2     7.334286935010784 
11100110     2     7.5431178948355715 
10011111     2     7.604222226229741 
10111100     2     7.636248806682556 
11110001     2     7.72681007157361 
11011100     2     7.944943067056595 
11101010     2     7.969961425402348 
01101111     2     8.05942195422014 
11110010     2     8.362484561965173 
01110111     2     8.451945090782965 
10101111     2     8.63727492443732 
01111011     2     8.878788621349742 
11001111     2     8.945969184811359 
11101100     2     8.977995765264174 
10110111     2     9.029798061000145 
11010111     2     9.338492321374185 
11110100     2     9.370518901827 
10111011     2     9.456641591566921 
11011011     2     9.76533585194096 
11111000     2     9.797362432393776 
01111101     2     9.886822961211566 
11100111     2     10.371545019581763 
10111101     2     10.464675931428745 
01111110     2     10.52249745160313 
11011101     2     10.773370191802787 
11101011     2     10.79838855014854 
10111110     2     11.100350421820309 
11110011     2     11.190911686711365 
11011110     2     11.40904468219435 
11101101     2     11.806422890010364 
11110101     2     12.19894602657319 
11101110     2     12.442097380401927 
11111001     2     12.625789557139965 
11110110     2     12.834620516964753 
11111010     2     13.261464047531529 
01111111     3     13.35092457634932 
10111111     3     13.9287775465665 
11011111     3     14.23747180694054 
11111100     3     14.269498387393355 
11101111     3     15.270524505148119 
11110111     3     15.663047641710945 
11111011     3     16.08989117227772 
11111101     3     17.097925512139543 
11111110     3     17.73360000253111 
11111111     4     20.562027127277297 
********************************************************************************
For n = 9
101011000     1     0.0033619479029787236 
000111110     1     0.14759048411838904 
110010100     1     0.15437138755338076 
110100010     1     0.17938974589913315 
001110011     1     0.2381517490094449 
100100111     1     0.2688502747169257 
011000111     1     0.30533231247106185 
011100100     1     0.3373588929238758 
010011101     1     0.39846322431804504 
010101011     1     0.42348158266379743 
001011110     1     0.45628474449243006 
111000010     1     0.4880840062731746 
101000111     1     0.5775445350909663 
110011000     1     0.5812149181201569 
101100100     1     0.6095711155437802 
100011101     1     0.6706754469379494 
100101011     1     0.6956938052837018 
011001011     1     0.732175843037838 
011101000     1     0.7642024234906519 
010110011     1     0.816004719226624 
001101101     1     0.8536629523084431 
101001011     1     1.0043880656577424 
010011110     1     1.0341377147096096 
101101000     1     1.0364146461105563 
100110011     1     1.088216941846528 
011010011     1     1.1246989796006637 
110000111     1     1.1553975053081444 
011110000     1     1.1567255600534776 
110100100     1     1.1874240857609593 
001110101     1     1.2461860888712688 
100011110     1     1.3063499373295135 
101010011     1     1.396911202220568 
101110000     1     1.428937782673382 
010101101     1     1.4315159225256227 
001101110     1     1.4893374427000068 
111000100     1     1.496118346134999 
110001011     1     1.5822410358749206 
110101000     1     1.6142676163277354 
001111001     1     1.673029619438045 
100101101     1     1.7037281451455266 
011001101     1     1.7402101828996632 
010110101     1     1.8240390590884483 
001110110     1     1.8818605792628325 
111001000     1     1.922961876701775 
110010011     1     1.9747641724377463 
110110000     1     2.006790752890561 
101001101     1     2.0124224055195676 
010101110     1     2.0671904129171863 
100110101     1     2.0962512817083523 
011010101     1     2.132733319462489 
011100011     1     2.1577516778082413 
010111001     1     2.2508825896552245 
001111010     1     2.3087041098296086 
111010000     1     2.3154850132646008 
100101110     1     2.3394026355370903 
011001110     1     2.375884673291227 
101010101     1     2.4049455420823933 
101100011     1     2.4299639004281457 
010110110     1     2.459713549480012 
100111001     1     2.5230948122751284 
011011001     1     2.559576850029265 
110001101     1     2.5902753757367467 
101001110     1     2.6480968959111313 
100110110     1     2.731925772099916 
011010110     1     2.7684078098540525 
101011001     1     2.8317890726491695 
010111010     1     2.886557080046788 
000111111     1     2.97601760886458 
110010101     1     2.9827985122995724 
110100011     1     3.0078168706453248 
101010110     1     3.040620032473957 
100111010     1     3.158769302666692 
011100101     1     3.1657860176700665 
011011010     1     3.1952513404208287 
110001110     1     3.2259498661283104 
001011111     1     3.28471186923862 
111000011     1     3.3165111310193645 
001111100     1     3.3167384496914347 
111100000     1     3.3485377114721793 
110011001     1     3.409642042866348 
101100101     1     3.437998240289971 
101011010     1     3.467463563040733 
011101001     1     3.5926295482368427 
110010110     1     3.6184730026911356 
011100110     1     3.80146050806163 
010011111     1     3.8625648394557994 
101101001     1     3.864841770856747 
010111100     1     3.8945914199086142 
011110001     1     3.9851526847996683 
110100101     1     4.015851210507149 
110011010     1     4.045316533257912 
101100110     1     4.073672730681535 
100011111     1     4.134777062075703 
100111100     1     4.166803642528518 
011011100     1     4.203285680282654 
011101010     1     4.228304038628407 
101110001     1     4.257364907419572 
001101111     1     4.317764567446199 
111000101     1     4.324545470881191 
110101001     1     4.442694741073925 
101011100     1     4.475497902902558 
101101010     1     4.50051626124831 
011110010     1     4.620827175191232 
110100110     1     4.651525700898713 
001110111     1     4.7102877040090245 
111001001     1     4.751389001447967 
110110001     1     4.835217877636751 
101110010     1     4.893039397811136 
010101111     1     4.895617537663378 
111000110     1     4.960219961272754 
110011100     1     5.0533508731197365 
110101010     1     5.078369231465489 
001111011     1     5.137131234575801 
111010001     1     5.143912138010792 
100101111     1     5.167829760283282 
011001111     1     5.204311798037418 
011101100     1     5.236338378490233 
010110111     1     5.288140674226204 
111001010     1     5.38706349183953 
110110010     1     5.470892368028315 
101001111     1     5.476524020657322 
101101100     1     5.508550601110136 
100110111     1     5.560352896846108 
011010111     1     5.596834934600244 
011110100     1     5.6288615150530585 
010111011     1     5.71498420479298 
111010010     1     5.779586628402356 
101010111     1     5.869047157220147 
101110100     1     5.901073737672962 
100111011     1     5.987196427412884 
011011011     1     6.02367846516702 
110001111     1     6.0543769908745 
011111000     1     6.055705045619835 
110101100     1     6.086403571327315 
001111101     1     6.145165574437625 
111100001     1     6.176964836218369 
101011011     1     6.295890687786923 
101111000     1     6.327917268239738 
111001100     1     6.395097831701355 
110010111     1     6.446900127437326 
110110100     1     6.478926707890141 
011100111     1     6.629887632807822 
010111101     1     6.7230185446548045 
001111110     2     6.780840064829189 
111010100     1     6.78762096826418 
111100010     1     6.812639326609933 
110011011     1     6.873743658004102 
101100111     1     6.902099855427726 
110111000     1     6.905770238456917 
100111101     1     6.995230767274708 
011011101     1     7.031712805028846 
011101011     1     7.056731163374598 
111011000     1     7.2144644988309565 
101011101     1     7.3039250276487495 
101101011     1     7.328943385994502 
010111110     2     7.358693035046368 
011110011     2     7.449254299937424 
110100111     1     7.479952825644904 
100111110     2     7.630905257666272 
011011110     2     7.66738729542041 
101110011     2     7.721466522557328 
111000111     2     7.788647086018944 
111100100     2     7.820673666471759 
110011101     2     7.881777997865928 
110101011     2     7.9067963562116805 
101011110     2     7.939599518040312 
011101101     2     8.064765503236423 
111001011     2     8.21549061658572 
111101000     2     8.247517197038535 
110110011     2     8.299319492774506 
101101101     2     8.336977725856325 
011110101     2     8.457288639799248 
110011110     2     8.517452488257492 
111010011     2     8.608013753148546 
111110000     2     8.64004033360136 
011101110     2     8.700439993627986 
101110101     2     8.729500862419151 
011111001     2     8.884132170366025 
110101101     2     8.914830696073505 
101101110     2     8.972652216247889 
011110110     2     9.092963130190812 
101111001     2     9.156344392985927 
111001101     2     9.223524956447546 
110110101     2     9.30735383263633 
101110110     2     9.365175352810715 
011111010     2     9.519806660757588 
110101110     2     9.550505186465069 
001111111     2     9.609267189575379 
111010101     2     9.616048093010372 
111100011     2     9.641066451356124 
110111001     2     9.734197363203107 
101111010     2     9.79201888337749 
111001110     2     9.85919944683911 
110110110     2     9.943028323027894 
111011001     2     10.042891623577148 
010111111     2     10.18712015979256 
111010110     2     10.251722583401936 
110111010     2     10.36987185359467 
100111111     2     10.459332382412462 
011011111     2     10.4958144201666 
011111100     2     10.527841000619414 
111100101     2     10.649100791217949 
111011010     2     10.678566113968712 
101011111     2     10.768026642786502 
101111100     2     10.800053223239317 
111101001     2     11.075944321784725 
111100110     2     11.284775281609512 
110011111     2     11.345879613003682 
110111100     2     11.377906193456496 
111110001     2     11.46846745834755 
011101111     2     11.528867118374178 
111011100     2     11.686600453830536 
111101010     2     11.711618812176289 
101101111     2     11.80107934099408 
011110111     2     11.921390254937004 
111110010     2     12.104141948739114 
101110111     2     12.193602477556906 
011111011     2     12.34823378550378 
110101111     2     12.37893231121126 
101111011     2     12.620446008123682 
111001111     2     12.6876265715853 
111101100     2     12.719653152038115 
110110111     2     12.771455447774086 
111010111     2     13.080149708148125 
111110100     2     13.11217628860094 
110111011     2     13.198298978340862 
011111101     2     13.356268125365602 
111011011     2     13.506993238714902 
111111000     2     13.539019819167716 
101111101     2     13.628480347985507 
011111110     3     13.991942615757168 
111100111     2     14.113202406355704 
110111101     2     14.206333318202686 
101111110     3     14.26415483837707 
111011101     2     14.515027578576728 
111101011     2     14.54004593692248 
110111110     3     14.84200780859425 
111110011     3     14.932569073485306 
111011110     3     15.150702068968291 
111101101     3     15.548080276784304 
111110101     3     15.94060341334713 
111101110     3     16.18375476717587 
111111001     3     16.367446943913908 
111110110     3     16.576277903738696 
011111111     3     16.820369740503356 
111111010     3     17.00312143430547 
101111111     3     17.092581963123262 
110111111     3     17.67043493334044 
111011111     3     17.97912919371448 
111111100     3     18.011155774167296 
111101111     3     19.01218189192206 
111110111     3     19.404705028484887 
111111011     3     19.83154855905166 
111111101     3     20.839582898913484 
111111110     4     21.47525738930505 
111111111     4     24.303684514051238 
