The binary number in column 1 represents the coefficients taken , 1 => +1 coefficient, 0 => -1 coefficient 
 Coefficients     Steps till sign change    Evaluated value    Traced
********************************************************************************
For n = 2
10     1     0.31783724519578205    10 => 00
11     1     3.1462643699419726    11 => 01
********************************************************************************
For n = 3
011     1     0.9101963924421828    011 => 010
101     1     1.9182307323040078    101 => 100
110     1     2.5539052226955716    110 => 100
111     2     5.382332347441762    111 => 110 => 100
********************************************************************************
For n = 4
0110     1     0.10441547991239375    0110 => 0100
0111     1     2.9328426046585845    0111 => 0101
1010     1     0.5312590104791701    1010 => 1000
1011     1     3.3596861352253606    1011 => 1001
1100     1     1.5392933503409951    1100 => 1000
1101     1     4.367720475087186    1101 => 1001
1110     2     5.0033949654787495    1110 => 1100 => 1000
1111     2     7.83182209022494    1111 => 1101 => 1001
********************************************************************************
For n = 5
00111     1     0.28709129359399377    00111 => 00110
01011     1     0.7139348241607699    01011 => 01010
01101     1     1.7219691640225951    01101 => 01100
01110     1     2.357643654414159    01110 => 01100
01111     2     5.1860707791603495    01111 => 01101 => 01100
10011     1     1.1064579607235956    10011 => 10010
10101     1     2.114492300585421    10101 => 10100
10110     1     2.7501667909769845    10110 => 10100
10111     2     5.578593915723175    10111 => 10101 => 10100
11001     1     2.541335831152197    11001 => 11000
11010     1     3.1770103215437606    11010 => 11000
11011     2     6.005437446289951    11011 => 11001 => 11000
11100     1     4.185044661405586    11100 => 11000
11101     2     7.013471786151777    11101 => 11001 => 11000
11110     2     7.64914627654334    11110 => 11100 => 11000
11111     3     10.477573401289531    11111 => 11110 => 11100 => 11000
********************************************************************************
For n = 6
001111     1     2.02379311899197    001111 => 001110
010111     1     2.4163162555547957    010111 => 010110
011010     1     0.014732661375381095    011010 => 011000
011011     1     2.843159786121572    011011 => 011001
011100     1     1.0227670012372063    011100 => 011000
011101     1     3.851194125983397    011101 => 011001
011110     1     4.486868616374961    011110 => 010110
011111     2     7.315295741121151    011111 => 011011 => 011001
100110     1     0.6209418290161826    100110 => 100100
100111     1     3.4493689537623733    100111 => 100101
101001     1     0.41211086919139506    101001 => 101000
101010     1     1.0477853595829587    101010 => 101000
101011     1     3.8762124843291494    101011 => 100011
101100     1     2.055819699444784    101100 => 101000
101101     1     4.884246824190974    101101 => 100101
101110     1     5.519921314582538    101110 => 001110
101111     2     8.34834843932873    101111 => 101110 => 001110
110001     1     0.8046340057542207    110001 => 110000
110010     1     1.4403084961457844    110010 => 110000
110011     1     4.268735620891976    110011 => 100011
110100     1     2.4483428360076096    110100 => 110000
110101     1     5.2767699607538    110101 => 100101
110110     1     5.9124444511453635    110110 => 010110
110111     2     8.740871575891555    110111 => 110110 => 010110
111000     1     2.8751863665743858    111000 => 110000
111001     1     5.703613491320576    111001 => 011001
111010     2     6.33928798171214    111010 => 110010 => 110000
111011     2     9.167715106458331    111011 => 110011 => 100011
111100     2     7.347322321573966    111100 => 111000 => 110000
111101     2     10.175749446320156    111101 => 111001 => 011001
111110     2     10.81142393671172    111110 => 110110 => 010110
111111     3     13.639851061457911    111111 => 111110 => 110110 => 010110
********************************************************************************
For n = 7
0011101     1     0.5345693356279972    0011101 => 0011100
0011110     1     1.1702438260195613    0011110 => 0011100
0011111     1     3.998670950765751    0011111 => 0011011
0100111     1     0.13274416340697348    0100111 => 0100110
0101011     1     0.5595876939737496    0101011 => 0101010
0101101     1     1.5676220338355744    0101101 => 0101100
0101110     1     2.203296524227138    0101110 => 0101100
0101111     1     5.03172364897333    0101111 => 0001111
0110011     1     0.9521108305365757    0110011 => 0110010
0110101     1     1.9601451703984    0110101 => 0110100
0110110     1     2.5958196607899637    0110110 => 0110100
0110111     1     5.424246785536155    0110111 => 0010111
0111001     1     2.3869887009651762    0111001 => 0111000
0111010     1     3.02266319135674    0111010 => 0111000
0111011     1     5.8510903161029315    0111011 => 0011011
0111100     1     4.030697531218566    0111100 => 0111000
0111101     2     6.859124655964756    0111101 => 0111001 => 0111000
0111110     2     7.4947991463563195    0111110 => 0111100 => 0111000
0111111     2     10.323226271102511    0111111 => 0111011 => 0011011
1000111     1     0.44143842378101406    1000111 => 1000110
1001011     1     0.8682819543477902    1001011 => 1001010
1001101     1     1.8763162942096154    1001101 => 1001100
1001110     1     2.511990784601179    1001110 => 1001100
1001111     1     5.340417909347369    1001111 => 0001111
1010011     1     1.2608050909106159    1010011 => 1010010
1010101     1     2.268839430772441    1010101 => 1010100
1010110     1     2.9045139211640048    1010110 => 1010100
1010111     1     5.732941045910195    1010111 => 0010111
1011001     1     2.6956829613392173    1011001 => 1011000
1011010     1     3.331357451730781    1011010 => 1011000
1011011     1     6.159784576476971    1011011 => 0011011
1011100     1     4.339391791592606    1011100 => 1011000
1011101     2     7.167818916338797    1011101 => 1011001 => 1011000
1011110     2     7.803493406730361    1011110 => 1011100 => 1011000
1011111     2     10.63192053147655    1011111 => 1011011 => 0011011
1100011     1     2.2938577891181935    1100011 => 1100010
1100100     1     0.473465004233828    1100100 => 1100000
1100101     1     3.3018921289800187    1100101 => 1100001
1100110     1     3.9375666193715824    1100110 => 1100010
1100111     2     6.7659937441177735    1100111 => 1100110 => 1100010
1101000     1     0.9003085348006041    1101000 => 1100000
1101001     1     3.728735659546795    1101001 => 1100001
1101010     1     4.364410149938358    1101010 => 1100010
1101011     2     7.19283727468455    1101011 => 1100011 => 1100010
1101100     1     5.372444489800184    1101100 => 1001100
1101101     2     8.200871614546374    1101101 => 1101001 => 1100001
1101110     2     8.836546104937938    1101110 => 1101100 => 1001100
1101111     2     11.66497322968413    1101111 => 1001111 => 0001111
1110000     1     1.2928316713634298    1110000 => 1100000
1110001     1     4.12125879610962    1110001 => 1100001
1110010     1     4.756933286501184    1110010 => 1100010
1110011     2     7.585360411247375    1110011 => 1110010 => 1100010
1110100     1     5.76496762636301    1110100 => 1010100
1110101     2     8.5933947511092    1110101 => 1110100 => 1010100
1110110     2     9.229069241500763    1110110 => 1100110 => 1100010
1110111     2     12.057496366246955    1110111 => 1010111 => 0010111
1111000     1     6.191811156929786    1111000 => 1011000
1111001     2     9.020238281675976    1111001 => 1111000 => 1011000
1111010     2     9.65591277206754    1111010 => 1110010 => 1100010
1111011     2     12.484339896813731    1111011 => 1011011 => 0011011
1111100     2     10.663947111929366    1111100 => 1111000 => 1011000
1111101     3     13.492374236675555    1111101 => 1111001 => 1111000 => 1011000
1111110     3     14.12804872706712    1111110 => 1111100 => 1111000 => 1011000
1111111     3     16.95647585181331    1111111 => 1111011 => 1011011 => 0011011
********************************************************************************
For n = 8
00011111     1     0.39311967530176206    00011111 => 00011110
00101111     1     1.4261723735093406    00101111 => 00101110
00110111     1     1.8186955100721662    00110111 => 00110110
00111011     1     2.2455390406389424    00111011 => 00111010
00111100     1     0.4251462557545769    00111100 => 00111000
00111101     1     3.2535733805007667    00111101 => 00111001
00111110     1     3.8892478708923304    00111110 => 00111010
00111111     2     6.7176749956385216    00111111 => 00111011 => 00111010
01001111     1     1.7348666338833802    01001111 => 01001110
01010111     1     2.127389770446206    01010111 => 01010110
01011011     1     2.554233301012982    01011011 => 01011010
01011100     1     0.7338405161286166    01011100 => 01011000
01011101     1     3.562267640874808    01011101 => 01011001
01011110     1     4.197942131266371    01011110 => 01011010
01011111     2     7.026369256012561    01011111 => 01011011 => 01011010
01100110     1     0.33201534390759324    01100110 => 01100100
01100111     1     3.1604424686537844    01100111 => 01100101
01101001     1     0.12318438408280574    01101001 => 01101000
01101010     1     0.758858874474369    01101010 => 01101000
01101011     1     3.5872859992205606    01101011 => 01100011
01101100     1     1.766893214336195    01101100 => 01101000
01101101     1     4.5953203390823845    01101101 => 01100101
01101110     1     5.230994829473948    01101110 => 01001110
01101111     2     8.05942195422014    01101111 => 01101110 => 01001110
01110001     1     0.515707520645631    01110001 => 01110000
01110010     1     1.1513820110371946    01110010 => 01110000
01110011     1     3.9798091357833862    01110011 => 01100011
01110100     1     2.1594163508990207    01110100 => 01110000
01110101     1     4.98784347564521    01110101 => 01100101
01110110     1     5.623517966036774    01110110 => 01010110
01110111     2     8.451945090782965    01110111 => 01110110 => 01010110
01111000     1     2.586259881465797    01111000 => 01110000
01111001     1     5.414687006211986    01111001 => 01011001
01111010     1     6.05036149660355    01111010 => 01011010
01111011     2     8.878788621349742    01111011 => 01110011 => 01100011
01111100     2     7.058395836465376    01111100 => 01111000 => 01110000
01111101     2     9.886822961211566    01111101 => 01111001 => 01011001
01111110     2     10.52249745160313    01111110 => 01111010 => 01011010
01111111     3     13.35092457634932    01111111 => 01111110 => 01111010 => 01011010
10001111     1     2.3127196041005593    10001111 => 10001110
10010111     1     2.705242740663385    10010111 => 10010110
10011010     1     0.3036591464839704    10011010 => 10011000
10011011     1     3.132086271230161    10011011 => 10011001
10011100     1     1.3116934863457956    10011100 => 10011000
10011101     1     4.140120611091986    10011101 => 10011001
10011110     1     4.775795101483551    10011110 => 10010110
10011111     2     7.604222226229741    10011111 => 10011110 => 10010110
10100101     1     0.2741938237332082    10100101 => 10100100
10100110     1     0.9098683141247719    10100110 => 10100100
10100111     1     3.7382954388709626    10100111 => 10100011
10101001     1     0.7010373542999844    10101001 => 10101000
10101010     1     1.336711844691548    10101010 => 10101000
10101011     1     4.165138969437739    10101011 => 10100011
10101100     1     2.3447461845533732    10101100 => 10101000
10101101     1     5.173173309299564    10101101 => 10001101
10101110     1     5.808847799691128    10101110 => 10001110
10101111     2     8.63727492443732    10101111 => 10101110 => 10001110
10110001     1     1.09356049086281    10110001 => 10110000
10110010     1     1.7292349812543737    10110010 => 10110000
10110011     1     4.557662106000565    10110011 => 10100011
10110100     1     2.737269321116199    10110100 => 10110000
10110101     1     5.56569644586239    10110101 => 10010101
10110110     1     6.201370936253953    10110110 => 10010110
10110111     2     9.029798061000145    10110111 => 10110110 => 10010110
10111000     1     3.164112851682975    10111000 => 10110000
10111001     1     5.992539976429166    10111001 => 10011001
10111010     1     6.6282144668207295    10111010 => 00111010
10111011     2     9.456641591566921    10111011 => 10110011 => 10100011
10111100     2     7.636248806682556    10111100 => 10111000 => 10110000
10111101     2     10.464675931428745    10111101 => 10111001 => 10011001
10111110     2     11.100350421820309    10111110 => 10111010 => 00111010
10111111     3     13.9287775465665    10111111 => 10111110 => 10111010 => 00111010
11000101     1     0.5828880841072492    11000101 => 11000100
11000110     1     1.218562574498813    11000110 => 11000100
11000111     1     4.046989699245003    11000111 => 11000011
11001001     1     1.0097316146740254    11001001 => 11001000
11001010     1     1.645406105065589    11001010 => 11001000
11001011     1     4.473833229811779    11001011 => 11000011
11001100     1     2.6534404449274134    11001100 => 11001000
11001101     1     5.481867569673605    11001101 => 10001101
11001110     1     6.117542060065168    11001110 => 10001110
11001111     2     8.945969184811359    11001111 => 11001110 => 10001110
11010001     1     1.402254751236851    11010001 => 11010000
11010010     1     2.0379292416284147    11010010 => 11010000
11010011     1     4.866356366374605    11010011 => 11000011
11010100     1     3.0459635814902395    11010100 => 11010000
11010101     1     5.87439070623643    11010101 => 10010101
11010110     1     6.510065196627994    11010110 => 10010110
11010111     2     9.338492321374185    11010111 => 11010110 => 10010110
11011000     1     3.4728071120570156    11011000 => 11010000
11011001     1     6.301234236803206    11011001 => 10011001
11011010     1     6.93690872719477    11011010 => 01011010
11011011     2     9.76533585194096    11011011 => 11011010 => 01011010
11011100     2     7.944943067056595    11011100 => 11011000 => 11010000
11011101     2     10.773370191802787    11011101 => 11011001 => 10011001
11011110     2     11.40904468219435    11011110 => 11011010 => 01011010
11011111     3     14.23747180694054    11011111 => 11011011 => 11011010 => 01011010
11100001     1     2.435307449444428    11100001 => 11100000
11100010     1     3.070981939835992    11100010 => 11100000
11100011     1     5.899409064582183    11100011 => 11000011
11100100     1     4.079016279697817    11100100 => 11100000
11100101     1     6.907443404444008    11100101 => 01100101
11100110     2     7.5431178948355715    11100110 => 11100100 => 11100000
11100111     2     10.371545019581763    11100111 => 11100101 => 01100101
11101000     1     4.505859810264593    11101000 => 11100000
11101001     2     7.334286935010784    11101001 => 11100001 => 11100000
11101010     2     7.969961425402348    11101010 => 11101000 => 11100000
11101011     2     10.79838855014854    11101011 => 11100011 => 11000011
11101100     2     8.977995765264174    11101100 => 11101000 => 11100000
11101101     2     11.806422890010364    11101101 => 11001101 => 10001101
11101110     2     12.442097380401927    11101110 => 11001110 => 10001110
11101111     3     15.270524505148119    11101111 => 11101011 => 11100011 => 11000011
11110000     1     4.898382946827419    11110000 => 11100000
11110001     2     7.72681007157361    11110001 => 11100001 => 11100000
11110010     2     8.362484561965173    11110010 => 11110000 => 11100000
11110011     2     11.190911686711365    11110011 => 11100011 => 11000011
11110100     2     9.370518901827    11110100 => 11100100 => 11100000
11110101     2     12.19894602657319    11110101 => 11100101 => 01100101
11110110     2     12.834620516964753    11110110 => 11010110 => 10010110
11110111     3     15.663047641710945    11110111 => 11100111 => 11100101 => 01100101
11111000     2     9.797362432393776    11111000 => 11110000 => 11100000
11111001     2     12.625789557139965    11111001 => 11011001 => 10011001
11111010     2     13.261464047531529    11111010 => 11011010 => 01011010
11111011     3     16.08989117227772    11111011 => 11110011 => 11100011 => 11000011
11111100     3     14.269498387393355    11111100 => 11111000 => 11110000 => 11100000
11111101     3     17.097925512139543    11111101 => 11111001 => 11011001 => 10011001
11111110     3     17.73360000253111    11111110 => 11111010 => 11011010 => 01011010
11111111     4     20.562027127277297    11111111 => 11111110 => 11111010 => 11011010 => 01011010
