********************************************************************************
For n = 2
[-1.  1.]
[1. 0.]

  
 Final Array taken : 
[[-1.  1.]
 [ 1.  0.]]
 [1. 2.]
 Trues: 8	 Falses 0
 
 
********************************************************************************
For n = 3
[-1.  1.  0.]
[ 0. -1.  1.]
[-1.  0.  1.]
[ 1.  1. -1.]

  
 Final Array taken : 
[[-1.  1.  0.]
 [ 0. -1.  1.]
 [ 1.  1. -1.]]
 [2. 3. 4.]
 Trues: 26	 Falses 0
 
 
********************************************************************************
For n = 4
[-1.  1.  1. -1.]
[ 0.  0. -1.  1.]
[-1.  1.  0.  0.]
[ 0. -1.  1.  0.]
[-1.  1. -1.  1.]
[ 1.  1.  0. -1.]

  
 Final Array taken : 
[[-1.  1.  1. -1.]
 [ 0.  0. -1.  1.]
 [ 0. -1.  1.  0.]
 [ 1.  1.  0. -1.]]
 [3. 5. 6. 7.]
 Trues: 80	 Falses 0
 
 
********************************************************************************
For n = 5
[ 1. -1. -1.  0.  1.]
[-1.  1.  1. -1.  0.]
[-1.  1.  0.  1. -1.]
[ 0.  0.  0. -1.  1.]
[ 0.  0. -1.  1.  0.]
[ 1.  1.  1. -1. -1.]
[ 0. -1.  1.  1. -1.]

  
 Final Array taken : 
[[ 1. -1. -1.  0.  1.]
 [-1.  1.  1. -1.  0.]
 [-1.  1.  0.  1. -1.]
 [ 1.  1.  1. -1. -1.]
 [ 0. -1.  1.  1. -1.]]
 [10. 13. 16. 18. 20.]
 Trues: 242	 Falses 0
 
 
********************************************************************************
For n = 6
[ 0.  1. -1.  0. -1.  1.]
[-1.  1. -1.  1.  1. -1.]
[-1. -1.  0.  0.  0.  1.]
[ 1. -1. -1.  0.  1.  0.]
[-1.  1.  1. -1.  0.  0.]
[-1.  0.  1.  1.  0. -1.]

  
 Final Array taken : 
[[ 0.  1. -1.  0. -1.  1.]
 [-1.  1. -1.  1.  1. -1.]
 [-1. -1.  0.  0.  0.  1.]
 [ 1. -1. -1.  0.  1.  0.]
 [-1.  1.  1. -1.  0.  0.]
 [-1.  0.  1.  1.  0. -1.]]
 [15. 19. 24. 27. 29. 35.]
 Trues: 728	 Falses 0
 
 
********************************************************************************
For n = 7
[ 0.  1. -1.  0. -1.  1.  0.]
[-1.  1. -1.  1.  1. -1.  0.]
[-1. -1.  0.  0.  0.  1.  0.]
[ 1.  1.  0. -1.  1.  0. -1.]
[ 1.  0.  0.  1.  1. -1. -1.]
[ 1. -1.  0. -1.  1. -1.  1.]
[ 0.  0.  0. -1.  1.  1. -1.]
[ 1.  1. -1.  1.  0.  0. -1.]
[ 1.  0. -1. -1.  0.  0.  1.]
[ 0. -1.  0.  1.  1.  0. -1.]
[ 1. -1. -1.  1.  0. -1.  1.]
[ 0.  0. -1.  1.  0.  1. -1.]
[ 0. -1. -1. -1.  0.  1.  1.]
[-1.  1.  1.  0. -1. -1.  1.]

  
 Final Array taken : 
[[ 0.  1. -1.  0. -1.  1.  0.]
 [-1.  1. -1.  1.  1. -1.  0.]
 [-1. -1.  0.  0.  0.  1.  0.]
 [ 1.  1.  0. -1.  1.  0. -1.]
 [ 1.  0.  0.  1.  1. -1. -1.]
 [ 1. -1.  0. -1.  1. -1.  1.]
 [-1.  1.  1.  0. -1. -1.  1.]]
 [ 49.  60.  77.  85.  92. 110. 115.]
 Trues: 2186	 Falses 0
 
 
********************************************************************************
For n = 8
[-1. -1. -1.  1.  1.  0. -1.  1.]
[ 1.  0.  1.  1. -1. -1.  1. -1.]
[ 0.  1.  1.  1. -1.  1. -1. -1.]
[ 0.  1. -1.  0. -1.  1.  0.  0.]
[ 0.  0.  1. -1. -1.  1.  1. -1.]
[-1.  1. -1.  1.  1. -1.  0.  0.]
[-1. -1.  0.  0.  0.  1.  0.  0.]
[-1.  0.  1.  0.  1. -1.  1. -1.]
[ 0. -1.  1.  1. -1.  0.  1. -1.]
[ 1.  1.  0. -1.  1.  0. -1.  0.]
[-1.  1.  0.  0.  0.  0.  1. -1.]
[ 1.  0.  0.  1.  1. -1. -1.  0.]
[ 1. -1.  0. -1.  1. -1.  1.  0.]
[ 0.  0.  1.  0. -1. -1.  0.  1.]

  
 Final Array taken : 
[[-1. -1. -1.  1.  1.  0. -1.  1.]
 [ 1.  0.  1.  1. -1. -1.  1. -1.]
 [ 0.  1.  1.  1. -1.  1. -1. -1.]
 [ 0.  1. -1.  0. -1.  1.  0.  0.]
 [ 0.  0.  1. -1. -1.  1.  1. -1.]
 [-1.  1. -1.  1.  1. -1.  0.  0.]
 [ 1.  1.  0. -1.  1.  0. -1.  0.]
 [ 0.  0.  1.  0. -1. -1.  0.  1.]]
 [112. 136. 176. 194. 209. 250. 262. 284.]
 Trues: 6560	 Falses 0
 
 
********************************************************************************
For n = 9
[-1. -1.  1.  1.  1.  1.  0. -1. -1.]
[-1. -1. -1.  0.  1.  1.  1.  0. -1.]
[ 0. -1. -1.  0. -1.  1.  1. -1.  1.]
[ 1.  0.  1.  1. -1.  0. -1.  1. -1.]
[-1. -1. -1.  1.  1.  0. -1.  1.  0.]
[ 1.  0.  1.  1. -1. -1.  1. -1.  0.]
[-1. -1. -1.  1.  1. -1.  1. -1.  1.]
[ 0. -1.  0. -1.  0. -1.  0.  1.  1.]
[ 1. -1.  1. -1. -1.  0.  1.  1. -1.]
[ 0.  1.  1.  1. -1.  1. -1. -1.  0.]
[ 0.  1. -1.  0. -1.  1.  0.  0.  0.]
[-1.  1.  1. -1.  1. -1. -1.  0.  1.]
[ 0.  0.  1. -1. -1.  1.  1. -1.  0.]
[ 1. -1.  0. -1.  1.  0.  0. -1.  1.]
 
[ 1. -1. -1.  1. -1.  1.  1.  0. -1.] Added value: -0.012921727227146462 Dot Product value : 3.979039320256561e-13False  
 
 
[-1.  1.  1. -1.  1. -1. -1.  0.  1.] Added value: 0.012921727227146462 Dot Product value : -3.979039320256561e-13False  
 

  
 Final Array taken : 
[[-1. -1.  1.  1.  1.  1.  0. -1. -1.]
 [-1. -1. -1.  0.  1.  1.  1.  0. -1.]
 [ 0. -1. -1.  0. -1.  1.  1. -1.  1.]
 [ 1.  0.  1.  1. -1.  0. -1.  1. -1.]
 [-1. -1. -1.  1.  1.  0. -1.  1.  0.]
 [ 1.  0.  1.  1. -1. -1.  1. -1.  0.]
 [ 0. -1.  0. -1.  0. -1.  0.  1.  1.]
 [ 0.  1.  1.  1. -1.  1. -1. -1.  0.]
 [ 1. -1.  0. -1.  1.  0.  0. -1.  1.]]
 [171. 209. 271. 297. 320. 383. 402. 437. 453.]
 Trues: 19680	 Falses 2
 
 
********************************************************************************
For n = 10
[-1. -1.  1.  1.  1.  1.  0. -1. -1.  0.]
[-1. -1. -1.  0.  1.  1.  1.  0. -1.  0.]
[ 0.  1.  1. -1.  1.  1. -1.  1. -1. -1.]
[ 0. -1. -1.  0. -1.  1.  1. -1.  1.  0.]
[ 1.  0.  1.  1. -1.  0. -1.  1. -1.  0.]
[ 1.  1.  1. -1. -1.  1. -1.  0.  1. -1.]
[-1. -1. -1.  1.  1.  0. -1.  1.  0.  0.]
[ 0.  1.  1. -1.  1.  0.  1. -1.  0. -1.]
[ 1.  0.  1.  1. -1. -1.  1. -1.  0.  0.]
[ 1.  1. -1.  1. -1.  1.  0.  0.  0. -1.]
[-1. -1. -1.  1.  1. -1.  1. -1.  1.  0.]
[ 0. -1.  0. -1.  0. -1.  0.  1.  1.  0.]
[ 1. -1.  1. -1. -1.  0.  1.  1. -1.  0.]
[ 0.  1.  1.  0.  1. -1. -1.  0.  1. -1.]
[ 0.  1. -1. -1.  1. -1.  0.  1.  1. -1.]
[ 1.  1.  0. -1.  0.  0.  1.  1. -1. -1.]
[ 1.  0.  1.  0. -1.  1.  1. -1.  0. -1.]
[-1. -1. -1.  0.  1.  1.  1. -1.  1. -1.]
[ 0.  0.  1.  1.  1.  0. -1.  1. -1. -1.]
[-1.  1.  0.  0.  0.  1.  0. -1. -1.  1.]
[ 1.  0.  1.  1. -1.  0. -1.  0.  1. -1.]
[ 1.  0. -1.  0. -1.  0.  0.  1.  1. -1.]
[ 0. -1.  0.  1.  0.  1.  0.  0.  0. -1.]
[ 0.  0.  1.  1.  1. -1.  1. -1.  0. -1.]
[ 0. -1.  1. -1.  1.  0.  1.  1. -1. -1.]
[-1.  1.  1. -1.  1. -1. -1.  1. -1.  1.]
[-1.  0. -1.  1. -1.  1. -1. -1.  1.  1.]
[ 1. -1.  1. -1. -1.  0.  1.  0.  1. -1.]
[-1.  1.  0.  1. -1. -1.  1.  1.  0. -1.]

  
 Final Array taken : 
[[-1. -1.  1.  1.  1.  1.  0. -1. -1.  0.]
 [-1. -1. -1.  0.  1.  1.  1.  0. -1.  0.]
 [ 0.  1.  1. -1.  1.  1. -1.  1. -1. -1.]
 [ 0. -1. -1.  0. -1.  1.  1. -1.  1.  0.]
 [ 1.  0.  1.  1. -1.  0. -1.  1. -1.  0.]
 [-1. -1. -1.  1.  1.  0. -1.  1.  0.  0.]
 [ 0.  1.  1. -1.  1.  0.  1. -1.  0. -1.]
 [ 1.  1. -1.  1. -1.  1.  0.  0.  0. -1.]
 [-1.  1.  0.  0.  0.  1.  0. -1. -1.  1.]
 [-1.  1.  0.  1. -1. -1.  1.  1.  0. -1.]]
 [ 573.  700.  905.  991. 1071. 1280. 1342. 1459. 1514. 1567.]
 Trues: 59048	 Falses 0
 
 
********************************************************************************
For n = 11
[-1. -1.  1.  1.  1.  1.  0. -1. -1.  0.  0.]
[ 0. -1. -1.  0.  0.  1. -1.  0.  0.  0.  1.]
[-1. -1. -1.  0.  1.  1.  1.  0. -1.  0.  0.]
[-1.  1.  1.  0. -1.  0.  1. -1. -1.  0.  1.]
[ 0.  1.  1. -1.  1.  1. -1.  1. -1. -1.  0.]
[ 0.  0.  0.  0.  1. -1.  0. -1.  0.  0.  1.]
[ 0. -1. -1.  0. -1.  1.  1. -1.  1.  0.  0.]
[-1.  0.  0.  1.  1. -1.  0.  1.  0.  0. -1.]
[ 1.  0.  1.  1. -1.  0. -1.  1. -1.  0.  0.]
[ 1.  1.  1. -1. -1.  1. -1.  0.  1. -1.  0.]
[ 0.  1.  1. -1.  0.  1.  1.  0.  0. -1. -1.]
[-1. -1. -1.  1.  1.  0. -1.  1.  0.  0.  0.]
[-1.  1.  1.  1. -1. -1. -1.  0.  0.  0.  1.]
[ 1.  0.  1.  1.  0. -1. -1.  0. -1.  0.  1.]
[-1. -1. -1.  1.  0.  0.  1.  0.  1.  0. -1.]
[-1.  1. -1.  0. -1. -1.  0.  1.  0.  0.  1.]
[ 1.  1.  1. -1.  0.  0. -1. -1.  1. -1.  1.]
[ 0.  1.  1. -1.  1.  0.  1. -1.  0. -1.  0.]
[ 0.  1.  1.  0.  0.  0. -1.  1.  1. -1. -1.]
[ 1.  0.  1.  1. -1. -1.  1. -1.  0.  0.  0.]
[ 1.  0. -1.  0.  0. -1.  0.  1. -1.  0.  1.]
[ 0.  0.  0. -1.  1.  1.  0. -1.  0. -1.  1.]
[ 1.  1. -1.  1. -1.  1.  0.  0.  0. -1.  0.]
[-1.  0.  0.  0.  1.  1.  0.  1.  0. -1. -1.]
[-1. -1. -1.  1.  1. -1.  1. -1.  1.  0.  0.]
[ 1.  1.  0. -1.  0.  1.  0. -1.  0.  1. -1.]

  
 Final Array taken : 
[[-1. -1.  1.  1.  1.  1.  0. -1. -1.  0.  0.]
 [ 0. -1. -1.  0.  0.  1. -1.  0.  0.  0.  1.]
 [-1. -1. -1.  0.  1.  1.  1.  0. -1.  0.  0.]
 [-1.  1.  1.  0. -1.  0.  1. -1. -1.  0.  1.]
 [ 0.  1.  1. -1.  1.  1. -1.  1. -1. -1.  0.]
 [ 0.  0.  0.  0.  1. -1.  0. -1.  0.  0.  1.]
 [ 0. -1. -1.  0. -1.  1.  1. -1.  1.  0.  0.]
 [-1.  0.  0.  1.  1. -1.  0.  1.  0.  0. -1.]
 [ 1.  0.  1.  1. -1.  0. -1.  1. -1.  0.  0.]
 [ 1.  1. -1.  1. -1.  1.  0.  0.  0. -1.  0.]
 [ 1.  1.  0. -1.  0.  1.  0. -1.  0.  1. -1.]]
 [1144. 1401. 1810. 1982. 2141. 2559. 2684. 2918. 3028. 3134. 3337.]
 Trues: 177146	 Falses 0
 
 
********************************************************************************
For n = 12
[ 1. -1. -1.  1.  0.  0.  0.  0.  1. -1. -1.  1.]
[-1. -1.  1.  1.  1.  1.  0. -1. -1.  0.  0.  0.]
[ 1.  1. -1.  0. -1. -1. -1.  1.  0. -1.  1.  1.]
[ 0.  1. -1.  0.  0. -1.  1.  1. -1. -1.  0.  1.]
[ 0.  0.  0.  1.  0.  0. -1.  0. -1. -1.  1.  1.]
[ 1.  1. -1.  0.  1. -1.  1. -1. -1.  1.  1. -1.]
[ 0.  0.  1. -1.  1.  0. -1. -1. -1.  1.  0.  1.]
[ 0. -1. -1. -1.  0.  1.  0.  0.  1.  1.  0. -1.]
[ 1.  1. -1.  1.  0. -1. -1.  1.  0.  1.  0. -1.]
[ 0.  1. -1.  1.  1. -1.  1.  1. -1.  1. -1. -1.]
[ 1.  1.  0.  1. -1.  0. -1.  0. -1.  1. -1.  1.]
[ 0. -1. -1.  0.  0.  1. -1.  0.  0.  0.  1.  0.]
[ 0.  0. -1.  1.  0. -1.  1.  0.  1. -1.  1. -1.]
[ 0.  1.  0.  0.  1.  1. -1. -1.  1.  0.  0. -1.]
[-1.  0.  0. -1.  0. -1.  1.  1.  1. -1. -1.  1.]
[-1. -1. -1.  0.  1.  1.  1.  0. -1.  0.  0.  0.]
[-1.  1.  1.  0. -1.  0.  1. -1. -1.  0.  1.  0.]
[ 0.  0.  0.  1. -1.  0.  1. -1.  0. -1.  0.  1.]
[-1. -1.  1.  0.  0.  0. -1.  0.  1. -1.  0.  1.]
[ 0. -1.  1.  0.  0.  0.  0.  1.  0. -1.  1. -1.]

  
 Final Array taken : 
[[ 1. -1. -1.  1.  0.  0.  0.  0.  1. -1. -1.  1.]
 [-1. -1.  1.  1.  1.  1.  0. -1. -1.  0.  0.  0.]
 [ 1.  1. -1.  0. -1. -1. -1.  1.  0. -1.  1.  1.]
 [ 0.  1. -1.  0.  0. -1.  1.  1. -1. -1.  0.  1.]
 [ 1.  1. -1.  0.  1. -1.  1. -1. -1.  1.  1. -1.]
 [ 0.  0.  1. -1.  1.  0. -1. -1. -1.  1.  0.  1.]
 [ 0. -1. -1. -1.  0.  1.  0.  0.  1.  1.  0. -1.]
 [ 1.  1. -1.  1.  0. -1. -1.  1.  0.  1.  0. -1.]
 [ 1.  1.  0.  1. -1.  0. -1.  0. -1.  1. -1.  1.]
 [ 0.  0. -1.  1.  0. -1.  1.  0.  1. -1.  1. -1.]
 [ 0.  1.  0.  0.  1.  1. -1. -1.  1.  0.  0. -1.]
 [ 0. -1.  1.  0.  0.  0.  0.  1.  0. -1.  1. -1.]]
 [2333.         2857.         3688.00000001 4041.00000001 4365.00000001
 5217.00000001 5471.00000001 5948.00000001 6172.00000001 6389.00000001
 6802.00000001 7191.00000001]
 Trues: 531440	 Falses 0
 
 
********************************************************************************
For n = 13
[ 1.  0.  1.  1.  0.  1.  1.  0.  0. -1. -1.  0. -1.]
[ 1. -1.  0.  1. -1. -1.  1. -1.  1.  0.  0. -1.  1.]
[ 1. -1. -1.  1.  0.  0.  0.  0.  1. -1. -1.  1.  0.]
[-1.  0. -1.  0.  1. -1.  0. -1.  0.  1.  1.  1. -1.]
[ 1.  1. -1. -1. -1. -1.  1.  0. -1.  1.  1.  1. -1.]
[-1.  1.  1.  1.  1.  0. -1.  0.  0. -1.  1.  0. -1.]
[-1. -1.  1.  1.  1.  1.  0. -1. -1.  0.  0.  0.  0.]
[ 1.  1. -1.  0. -1. -1. -1.  1.  0. -1.  1.  1.  0.]
[ 0.  1. -1.  0.  0. -1.  1.  1. -1. -1.  0.  1.  0.]
[ 1. -1. -1.  0. -1.  0.  0.  0. -1.  0.  0.  1.  1.]
[ 1.  1.  0.  0.  0.  0.  0. -1.  0.  0. -1.  0.  1.]
[-1. -1.  1. -1.  1.  0. -1.  0. -1.  1.  1.  1. -1.]
[ 0.  0.  0.  1.  0.  0. -1.  0. -1. -1.  1.  1.  0.]
[ 1.  1. -1.  0.  1. -1.  1. -1. -1.  1.  1. -1.  0.]
[ 1. -1.  1.  0. -1. -1.  1.  1. -1. -1.  0.  0.  1.]
[ 0.  0.  0.  1. -1.  0. -1.  1. -1.  1.  0.  1. -1.]
[ 0. -1. -1. -1.  1.  1.  0. -1.  1. -1.  1. -1.  1.]
 
[ 0. -1. -1. -1.  0.  1.  0.  0.  1.  1.  0. -1.  0.] Added value: 0.00041092175721857416 Dot Product value : -1.0913936421275139e-11False  
 
 
[ 0.  1.  1.  1.  0. -1.  0.  0. -1. -1.  0.  1.  0.] Added value: -0.00041092175721857416 Dot Product value : 1.0913936421275139e-11False  
 
 
[ 1.  1.  1.  0. -1. -1.  0. -1. -1.  1.  1.  1. -1.] Added value: -0.0004930656192261296 Dot Product value : 0.0False  
 
 
[-1. -1. -1.  0.  1.  1.  0.  1.  1. -1. -1. -1.  1.] Added value: 0.0004930656192261296 Dot Product value : 0.0False  
 

  
 Final Array taken : 
[[ 1.  0.  1.  1.  0.  1.  1.  0.  0. -1. -1.  0. -1.]
 [ 1. -1.  0.  1. -1. -1.  1. -1.  1.  0.  0. -1.  1.]
 [ 1. -1. -1.  1.  0.  0.  0.  0.  1. -1. -1.  1.  0.]
 [-1.  0. -1.  0.  1. -1.  0. -1.  0.  1.  1.  1. -1.]
 [ 1.  1. -1. -1. -1. -1.  1.  0. -1.  1.  1.  1. -1.]
 [-1.  1.  1.  1.  1.  0. -1.  0.  0. -1.  1.  0. -1.]
 [-1. -1.  1.  1.  1.  1.  0. -1. -1.  0.  0.  0.  0.]
 [ 0.  1. -1.  0.  0. -1.  1.  1. -1. -1.  0.  1.  0.]
 [ 1.  1.  0.  0.  0.  0.  0. -1.  0.  0. -1.  0.  1.]
 [-1. -1.  1. -1.  1.  0. -1.  0. -1.  1.  1.  1. -1.]
 [ 1.  1. -1.  0.  1. -1.  1. -1. -1.  1.  1. -1.  0.]
 [ 0.  0.  0.  1. -1.  0. -1.  1. -1.  1.  0.  1. -1.]
 [ 0. -1. -1. -1.  1.  1.  0. -1.  1. -1.  1. -1.  1.]]
 [ 5594.00000001  6851.00000001  8845.00000001  9689.00000002
 10465.00000002 12508.00000002 13119.00000002 14261.00000002
 14800.00000002 15319.00000002 16309.00000003 17242.00000003
 18126.00000003]
 Trues: 1594318	 Falses 4
 
 
********************************************************************************
For n = 14
[ 1. -1. -1.  1.  0. -1.  1.  0.  1.  0. -1. -1.  0.  1.]
[ 1.  0.  1.  1.  0.  1.  1.  0.  0. -1. -1.  0. -1.  0.]
[-1. -1.  0.  0.  1.  1. -1.  1. -1.  0. -1. -1.  1.  1.]
[ 0.  0.  1.  0. -1.  0.  1. -1. -1.  1. -1.  0.  0.  1.]
[-1.  0.  1. -1.  1. -1.  1.  0.  1.  0.  0.  1. -1. -1.]
[ 0.  0.  1.  0. -1.  0.  0. -1.  0.  0.  1.  0.  1. -1.]
[ 1. -1.  0.  1. -1. -1.  1. -1.  1.  0.  0. -1.  1.  0.]
[ 1.  1.  0.  1. -1. -1.  0.  0.  1. -1. -1.  1. -1.  1.]
[-1.  0. -1.  1. -1.  1. -1.  0.  0.  1. -1.  1.  1. -1.]
[ 1. -1. -1.  1.  0.  0.  0.  0.  1. -1. -1.  1.  0.  0.]
[-1.  0. -1.  0.  1. -1.  0. -1.  0.  1.  1.  1. -1.  0.]
[ 1.  1. -1. -1. -1. -1.  1.  0. -1.  1.  1.  1. -1.  0.]
[-1.  1.  1.  1.  1.  0. -1.  0.  0. -1.  1.  0. -1.  0.]
[ 0. -1. -1.  0. -1. -1.  0. -1.  0.  1. -1.  1.  1.  1.]
[ 1. -1.  0.  1. -1.  0.  0. -1.  1. -1.  0.  1.  1. -1.]
[ 0.  0.  1.  1. -1.  0. -1.  0.  0. -1. -1.  0.  1.  1.]
[ 0.  0. -1.  1. -1.  1.  0.  1. -1.  1.  0. -1.  1. -1.]
[ 1.  0.  0.  0.  0.  1.  0.  1. -1. -1.  1.  0.  0. -1.]
[ 1.  1. -1. -1.  1.  0.  1. -1.  0.  1.  0.  0.  0. -1.]
[ 1. -1. -1.  0. -1. -1.  1.  0. -1.  1.  0. -1.  1.  1.]
[-1. -1.  1.  1.  1.  1.  0. -1. -1.  0.  0.  0.  0.  0.]
[ 1.  1. -1.  0. -1. -1. -1.  1.  0. -1.  1.  1.  0.  0.]
[ 1. -1.  1. -1. -1.  0.  1.  1.  0. -1. -1.  1.  1. -1.]
[-1.  0.  0.  1.  0. -1. -1. -1.  0.  0.  0.  1.  0.  1.]
[ 0.  1. -1.  0.  0. -1.  1.  1. -1. -1.  0.  1.  0.  0.]
[ 0.  1.  0.  1. -1. -1.  1.  1.  1.  0. -1.  1. -1. -1.]
[ 1.  1. -1.  0.  1.  0. -1.  0.  1. -1.  0.  0.  1. -1.]
[ 1. -1. -1.  0. -1.  0.  0.  0. -1.  0.  0.  1.  1.  0.]
[ 0.  1.  0.  0. -1. -1.  1.  0. -1. -1.  1.  1.  1. -1.]
[-1. -1.  0.  1.  1.  1. -1.  1.  0.  1.  0.  0. -1. -1.]
[ 0.  0.  0.  1.  0. -1.  0.  0. -1.  0.  1. -1.  0.  1.]
[ 1.  1.  0.  0.  0.  0.  0. -1.  0.  0. -1.  0.  1.  0.]
[-1.  0.  1. -1.  0. -1.  0.  1. -1.  0. -1.  1.  0.  1.]
[-1.  0.  1. -1.  0. -1. -1.  1.  0. -1.  1.  1.  1. -1.]
[-1. -1.  1. -1.  1.  0. -1.  0. -1.  1.  1.  1. -1.  0.]
[ 0.  0. -1.  1.  1.  0. -1.  1. -1. -1.  0.  1. -1.  1.]
[-1.  0.  1.  1. -1.  0.  0.  1.  0.  0. -1.  0.  1. -1.]
[-1.  0.  1. -1. -1.  1.  0. -1.  0. -1.  1.  1. -1.  1.]

  
 Final Array taken : 
[[ 1. -1. -1.  1.  0. -1.  1.  0.  1.  0. -1. -1.  0.  1.]
 [ 1.  0.  1.  1.  0.  1.  1.  0.  0. -1. -1.  0. -1.  0.]
 [-1. -1.  0.  0.  1.  1. -1.  1. -1.  0. -1. -1.  1.  1.]
 [ 0.  0.  1.  0. -1.  0.  1. -1. -1.  1. -1.  0.  0.  1.]
 [-1.  0.  1. -1.  1. -1.  1.  0.  1.  0.  0.  1. -1. -1.]
 [ 0.  0.  1.  0. -1.  0.  0. -1.  0.  0.  1.  0.  1. -1.]
 [ 1.  1.  0.  1. -1. -1.  0.  0.  1. -1. -1.  1. -1.  1.]
 [-1.  0. -1.  1. -1.  1. -1.  0.  0.  1. -1.  1.  1. -1.]
 [ 1. -1. -1.  1.  0.  0.  0.  0.  1. -1. -1.  1.  0.  0.]
 [-1.  0. -1.  0.  1. -1.  0. -1.  0.  1.  1.  1. -1.  0.]
 [ 1.  1. -1. -1. -1. -1.  1.  0. -1.  1.  1.  1. -1.  0.]
 [ 1.  1. -1. -1.  1.  0.  1. -1.  0.  1.  0.  0.  0. -1.]
 [ 0.  1. -1.  0.  0. -1.  1.  1. -1. -1.  0.  1.  0.  0.]
 [-1.  0.  1. -1. -1.  1.  0. -1.  0. -1.  1.  1. -1.  1.]]
 [ 41086.99999999  50318.99999998  64963.99999998  71163.99999997
  76864.99999997  91869.99999997  96353.99999996 104749.99999996
 108702.99999996 112519.99999996 119784.99999996 126634.99999995
 133132.99999995 136265.99999995]
 Trues: 4782968	 Falses 0
 
 
