15 : 
0.000977 [ 1.  1.  0.  0.  0.  0.  0. -1.  0.  0. -1.  0.  1.  0.  0.]
0.00195 [ 0.  0.  1.  0.  0.  0.  1.  1.  0.  0.  0. -1.  0.  0. -1.]
Precision 3
Numebers 2

15 : 
0.0001221 [ 1. -1.  0.  1. -1. -1.  1. -1.  1.  0.  0. -1.  1.  0.  0.]
Precision 4
Numebers 1

15 : 
1.5259e-5 [ 1.  0.  0. -1.  0.  0.  1.  1.  1.  1. -1.  0. -1.  0. -1.]
3.0518e-5 [-1. -1.  0.  0.  1.  1. -1.  1. -1.  0. -1. -1.  1.  1.  0.]
Precision 5
Numebers 2

15 : 
3.8147e-6 [-1.  1.  0.  0.  1.  1.  1. -1.  0.  1.  0.  1. -1. -1. -1.]
7.62939e-6 [ 0.  1.  1.  1. -1.  0. -1. -1.  1.  1.  0. -1.  0.  1. -1.]
9.53674e-6 [-1. -1.  0.  1. -1.  0.  1.  0. -1.  1.  0.  0.  0.  1. -1.]
1.14441e-5 [-1. -1.  1.  0. -1. -1.  0.  0.  1.  1.  1.  1. -1.  0. -1.]
1.52588e-5 [ 1. -1. -1. -1.  0. -1.  1. -1.  1.  0. -1.  1.  1.  1. -1.]
1.71661e-5 [ 1.  1.  1. -1.  0.  0.  0. -1.  0.  0. -1.  0.  0.  0.  1.]
1.90735e-5 [-1. -1.  0.  0.  1.  1. -1.  1. -1.  0. -1. -1.  1.  1.  0.]
2.28882e-5 [ 0. -1.  0.  0.  0. -1.  1.  1. -1. -1. -1. -1.  1.  1.  1.]
Precision 6
Numebers 8

15 : 
2.384186e-7 [ 1. -1. -1.  1.  0. -1.  1.  0.  1.  0. -1. -1.  0.  1.  0.]
9.536743e-7 [ 1. -1.  0.  0. -1. -1. -1.  1.  0. -1.  0. -1.  1.  1.  1.]
4.291534e-6 [ 0.  1.  1. -1. -1. -1.  1.  0. -1. -1.  1.  1.  0. -1.  1.]
5.245209e-6 [-1.  1.  0.  1.  1.  0.  0.  0.  1.  0.  0. -1.  0.  0. -1.]
7.152557e-6 [ 0.  1.  1.  1. -1.  0. -1. -1.  1.  1.  0. -1.  0.  1. -1.]
9.059906e-6 [ 1.  0.  1.  1.  0.  1.  1.  0.  0. -1. -1.  0. -1.  0.  0.]
9.179115e-6 [-1. -1.  0.  1. -1.  0.  1.  0. -1.  1.  0.  0.  0.  1. -1.]
1.108646e-5 [ 0.  0.  1.  0.  0. -1.  0.  0. -1.  0.  1. -1. -1.  1.  1.]
1.168251e-5 [ 1. -1. -1. -1.  0. -1.  1. -1.  1.  0. -1.  1.  1.  1. -1.]
1.28746e-5 [-1. -1.  1.  0. -1. -1.  0.  0.  1.  1.  1.  1. -1.  0. -1.]
1.430511e-5 [ 0. -1.  1.  0.  0.  0.  1.  0. -1. -1.  1.  1. -1.  1. -1.]
1.716614e-5 [ 1.  1.  1. -1.  0.  0.  0. -1.  0.  0. -1.  0.  0.  0.  1.]
2.0504e-5 [-1. -1.  0.  0.  1.  1. -1.  1. -1.  0. -1. -1.  1.  1.  0.]
2.527237e-5 [ 0. -1.  0.  0.  0. -1.  1.  1. -1. -1. -1. -1.  1.  1.  1.]
2.622604e-5 [ 0.  0.  1.  0. -1.  0.  1. -1. -1.  1. -1.  0.  0.  1.  0.]
Precision 7
Numebers 15

15 : 
2.3841858e-7 [ 1. -1. -1.  1.  0. -1.  1.  0.  1.  0. -1. -1.  0.  1.  0.]
9.5367432e-7 [ 1. -1.  0.  0. -1. -1. -1.  1.  0. -1.  0. -1.  1.  1.  1.]
4.440546e-6 [ 0.  1.  1. -1. -1. -1.  1.  0. -1. -1.  1.  1.  0. -1.  1.]
5.2154064e-6 [-1.  1.  0.  1.  1.  0.  0.  0.  1.  0.  0. -1.  0.  0. -1.]
7.1823597e-6 [ 0.  1.  1.  1. -1.  0. -1. -1.  1.  1.  0. -1.  0.  1. -1.]
9.0301037e-6 [-1. -1.  0.  1. -1.  0.  1.  0. -1.  1.  0.  0.  0.  1. -1.]
9.0748072e-6 [ 1.  0.  1.  1.  0.  1.  1.  0.  0. -1. -1.  0. -1.  0.  0.]
1.1220574e-5 [ 0.  0.  1.  0.  0. -1.  0.  0. -1.  0.  1. -1. -1.  1.  1.]
1.1503696e-5 [ 1. -1. -1. -1.  0. -1.  1. -1.  1.  0. -1.  1.  1.  1. -1.]
1.2725592e-5 [-1. -1.  1.  0. -1. -1.  0.  0.  1.  1.  1.  1. -1.  0. -1.]
1.4334917e-5 [ 0. -1.  1.  0.  0.  0.  1.  0. -1. -1.  1.  1. -1.  1. -1.]
1.7240644e-5 [ 1.  1.  1. -1.  0.  0.  0. -1.  0.  0. -1.  0.  0.  0.  1.]
2.0593405e-5 [-1. -1.  0.  0.  1.  1. -1.  1. -1.  0. -1. -1.  1.  1.  0.]
2.5272369e-5 [ 0. -1.  0.  0.  0. -1.  1.  1. -1. -1. -1. -1.  1.  1.  1.]
2.6285648e-5 [ 0.  0.  1.  0. -1.  0.  1. -1. -1.  1. -1.  0.  0.  1.  0.]
Precision 8
Numebers 15

15 : 
2.29105353e-7 [ 1. -1. -1.  1.  0. -1.  1.  0.  1.  0. -1. -1.  0.  1.  0.]
9.57399607e-7 [ 1. -1.  0.  0. -1. -1. -1.  1.  0. -1.  0. -1.  1.  1.  1.]
4.45917249e-6 [ 0.  1.  1. -1. -1. -1.  1.  0. -1. -1.  1.  1.  0. -1.  1.]
5.21913171e-6 [-1.  1.  0.  1.  1.  0.  0.  0.  1.  0.  0. -1.  0.  0. -1.]
7.17863441e-6 [ 0.  1.  1.  1. -1.  0. -1. -1.  1.  1.  0. -1.  0.  1. -1.]
9.04873013e-6 [-1. -1.  0.  1. -1.  0.  1.  0. -1.  1.  0.  0.  0.  1. -1.]
9.06549394e-6 [ 1.  0.  1.  1.  0.  1.  1.  0.  0. -1. -1.  0. -1.  0.  0.]
1.12019479e-5 [ 0.  0.  1.  0.  0. -1.  0.  0. -1.  0.  1. -1. -1.  1.  1.]
1.15223229e-5 [ 1. -1. -1. -1.  0. -1.  1. -1.  1.  0. -1.  1.  1.  1. -1.]
1.27181411e-5 [-1. -1.  1.  0. -1. -1.  0.  0.  1.  1.  1.  1. -1.  0. -1.]
1.43386424e-5 [ 0. -1.  1.  0.  0.  0.  1.  0. -1. -1.  1.  1. -1.  1. -1.]
1.72257423e-5 [ 1.  1.  1. -1.  0.  0.  0. -1.  0.  0. -1.  0.  0.  0.  1.]
2.05822289e-5 [-1. -1.  0.  0.  1.  1. -1.  1. -1.  0. -1. -1.  1.  1.  0.]
2.52723694e-5 [ 0. -1.  0.  0.  0. -1.  1.  1. -1. -1. -1. -1.  1.  1.  1.]
2.62744725e-5 [ 0.  0.  1.  0. -1.  0.  1. -1. -1.  1. -1.  0.  0.  1.  0.]
Precision 9
Numebers 15

15 : 
2.275919542e-7 [ 1. -1. -1.  1.  0. -1.  1.  0.  1.  0. -1. -1.  0.  1.  0.]
9.569339454e-7 [ 1. -1.  0.  0. -1. -1. -1.  1.  0. -1.  0. -1.  1.  1.  1.]
4.461035132e-6 [ 0.  1.  1. -1. -1. -1.  1.  0. -1. -1.  1.  1.  0. -1.  1.]
5.218898878e-6 [-1.  1.  0.  1.  1.  0.  0.  0.  1.  0.  0. -1.  0.  0. -1.]
7.177004591e-6 [ 0.  1.  1.  1. -1.  0. -1. -1.  1.  1.  0. -1.  0.  1. -1.]
9.047915228e-6 [-1. -1.  0.  1. -1.  0.  1.  0. -1.  1.  0.  0.  0.  1. -1.]
9.066308849e-6 [ 1.  0.  1.  1.  0.  1.  1.  0.  0. -1. -1.  0. -1.  0.  0.]
1.12010166e-5 [ 0.  0.  1.  0.  0. -1.  0.  0. -1.  0.  1. -1. -1.  1.  1.]
1.152534969e-5 [ 1. -1. -1. -1.  0. -1.  1. -1.  1.  0. -1.  1.  1.  1. -1.]
1.272023655e-5 [-1. -1.  1.  0. -1. -1.  0.  0.  1.  1.  1.  1. -1.  0. -1.]
1.433771104e-5 [ 0. -1.  1.  0.  0.  0.  1.  0. -1. -1.  1.  1. -1.  1. -1.]
1.722690649e-5 [ 1.  1.  1. -1.  0.  0.  0. -1.  0.  0. -1.  0.  0.  0.  1.]
2.05852557e-5 [-1. -1.  0.  0.  1.  1. -1.  1. -1.  0. -1. -1.  1.  1.  0.]
2.52739992e-5 [ 0. -1.  0.  0.  0. -1.  1.  1. -1. -1. -1. -1.  1.  1.  1.]
2.627493814e-5 [ 0.  0.  1.  0. -1.  0.  1. -1. -1.  1. -1.  0.  0.  1.  0.]
Precision 10
Numebers 15

15 : 
2.2772292141e-7 [ 1. -1. -1.  1.  0. -1.  1.  0.  1.  0. -1. -1.  0.  1.  0.]
9.5705036074e-7 [ 1. -1.  0.  0. -1. -1. -1.  1.  0. -1.  0. -1.  1.  1.  1.]
4.4610642362e-6 [ 0.  1.  1. -1. -1. -1.  1.  0. -1. -1.  1.  1.  0. -1.  1.]
5.2189716371e-6 [-1.  1.  0.  1.  1.  0.  0.  0.  1.  0.  0. -1.  0.  0. -1.]
7.176946383e-6 [ 0.  1.  1.  1. -1.  0. -1. -1.  1.  1.  0. -1.  0.  1. -1.]
9.0480898507e-6 [-1. -1.  0.  1. -1.  0.  1.  0. -1.  1.  0.  0.  0.  1. -1.]
9.066410712e-6 [ 1.  0.  1.  1.  0.  1.  1.  0.  0. -1. -1.  0. -1.  0.  0.]
1.120082743e-5 [ 0.  0.  1.  0.  0. -1.  0.  0. -1.  0.  1. -1. -1.  1.  1.]
1.1525407899e-5 [ 1. -1. -1. -1.  0. -1.  1. -1.  1.  0. -1.  1.  1.  1. -1.]
1.2720207451e-5 [-1. -1.  1.  0. -1. -1.  0.  0.  1.  1.  1.  1. -1.  0. -1.]
1.4338002075e-5 [ 0. -1.  1.  0.  0.  0.  1.  0. -1. -1.  1.  1. -1.  1. -1.]
1.7226906493e-5 [ 1.  1.  1. -1.  0.  0.  0. -1.  0.  0. -1.  0.  0.  0.  1.]
2.0585255697e-5 [-1. -1.  0.  0.  1.  1. -1.  1. -1.  0. -1. -1.  1.  1.  0.]
2.5274057407e-5 [ 0. -1.  0.  0.  0. -1.  1.  1. -1. -1. -1. -1.  1.  1.  1.]
2.627496724e-5 [ 0.  0.  1.  0. -1.  0.  1. -1. -1.  1. -1.  0.  0.  1.  0.]
Precision 11
Numebers 15

15 : 
2.27715645451e-7 [ 1. -1. -1.  1.  0. -1.  1.  0.  1.  0. -1. -1.  0.  1.  0.]
9.57024894888e-7 [ 1. -1.  0.  0. -1. -1. -1.  1.  0. -1.  0. -1.  1.  1.  1.]
4.4610715122e-6 [ 0.  1.  1. -1. -1. -1.  1.  0. -1. -1.  1.  1.  0. -1.  1.]
5.21896436112e-6 [-1.  1.  0.  1.  1.  0.  0.  0.  1.  0.  0. -1.  0.  0. -1.]
7.17692091712e-6 [ 0.  1.  1.  1. -1.  0. -1. -1.  1.  1.  0. -1.  0.  1. -1.]
9.04807711777e-6 [-1. -1.  0.  1. -1.  0.  1.  0. -1.  1.  0.  0.  0.  1. -1.]
9.06639979803e-6 [ 1.  0.  1.  1.  0.  1.  1.  0.  0. -1. -1.  0. -1.  0.  0.]
1.12008128781e-5 [ 0.  0.  1.  0.  0. -1.  0.  0. -1.  0.  1. -1. -1.  1.  1.]
1.15254078992e-5 [ 1. -1. -1. -1.  0. -1.  1. -1.  1.  0. -1.  1.  1.  1. -1.]
1.2720196537e-5 [-1. -1.  1.  0. -1. -1.  0.  0.  1.  1.  1.  1. -1.  0. -1.]
1.43380166264e-5 [ 0. -1.  1.  0.  0.  0.  1.  0. -1. -1.  1.  1. -1.  1. -1.]
1.72268901224e-5 [ 1.  1.  1. -1.  0.  0.  0. -1.  0.  0. -1.  0.  0.  0.  1.]
2.05852447834e-5 [-1. -1.  0.  0.  1.  1. -1.  1. -1.  0. -1. -1.  1.  1.  0.]
2.52740355791e-5 [ 0. -1.  0.  0.  0. -1.  1.  1. -1. -1. -1. -1.  1.  1.  1.]
2.62749672402e-5 [ 0.  0.  1.  0. -1.  0.  1. -1. -1.  1. -1.  0.  0.  1.  0.]
Precision 12
Numebers 15

15 : 
2.27713599088e-7 [ 1. -1. -1.  1.  0. -1.  1.  0.  1.  0. -1. -1.  0.  1.  0.]
9.570237580192e-7 [ 1. -1.  0.  0. -1. -1. -1.  1.  0. -1.  0. -1.  1.  1.  1.]
4.46107424068e-6 [ 0.  1.  1. -1. -1. -1.  1.  0. -1. -1.  1.  1.  0. -1.  1.]
5.218964133746e-6 [-1.  1.  0.  1.  1.  0.  0.  0.  1.  0.  0. -1.  0.  0. -1.]
7.176919325502e-6 [ 0.  1.  1.  1. -1.  0. -1. -1.  1.  1.  0. -1.  0.  1. -1.]
9.048076208273e-6 [-1. -1.  0.  1. -1.  0.  1.  0. -1.  1.  0.  0.  0.  1. -1.]
9.066398888535e-6 [ 1.  0.  1.  1.  0.  1.  1.  0.  0. -1. -1.  0. -1.  0.  0.]
1.120081481076e-5 [ 0.  0.  1.  0.  0. -1.  0.  0. -1.  0.  1. -1. -1.  1.  1.]
1.15254076718e-5 [ 1. -1. -1. -1.  0. -1.  1. -1.  1.  0. -1.  1.  1.  1. -1.]
1.272019608223e-5 [-1. -1.  1.  0. -1. -1.  0.  0.  1.  1.  1.  1. -1.  0. -1.]
1.433801844541e-5 [ 0. -1.  1.  0.  0.  0.  1.  0. -1. -1.  1.  1. -1.  1. -1.]
1.722688966765e-5 [ 1.  1.  1. -1.  0.  0.  0. -1.  0.  0. -1.  0.  0.  0.  1.]
2.058524660242e-5 [-1. -1.  0.  0.  1.  1. -1.  1. -1.  0. -1. -1.  1.  1.  0.]
2.527403444219e-5 [ 0. -1.  0.  0.  0. -1.  1.  1. -1. -1. -1. -1.  1.  1.  1.]
2.627496587593e-5 [ 0.  0.  1.  0. -1.  0.  1. -1. -1.  1. -1.  0.  0.  1.  0.]
Precision 13
Numebers 15

15 : 
2.2771368435315e-7 [ 1. -1. -1.  1.  0. -1.  1.  0.  1.  0. -1. -1.  0.  1.  0.]
9.570237580192e-7 [ 1. -1.  0.  0. -1. -1. -1.  1.  0. -1.  0. -1.  1.  1.  1.]
4.4610741838369e-6 [ 0.  1.  1. -1. -1. -1.  1.  0. -1. -1.  1.  1.  0. -1.  1.]
5.2189640911138e-6 [-1.  1.  0.  1.  1.  0.  0.  0.  1.  0.  0. -1.  0.  0. -1.]
7.1769192686588e-6 [ 0.  1.  1.  1. -1.  0. -1. -1.  1.  1.  0. -1.  0.  1. -1.]
9.0480762082734e-6 [-1. -1.  0.  1. -1.  0.  1.  0. -1.  1.  0.  0.  0.  1. -1.]
9.066398916957e-6 [ 1.  0.  1.  1.  0.  1.  1.  0.  0. -1. -1.  0. -1.  0.  0.]
1.1200814782342e-5 [ 0.  0.  1.  0.  0. -1.  0.  0. -1.  0.  1. -1. -1.  1.  1.]
1.1525407757063e-5 [ 1. -1. -1. -1.  0. -1.  1. -1.  1.  0. -1.  1.  1.  1. -1.]
1.2720195968541e-5 [-1. -1.  1.  0. -1. -1.  0.  0.  1.  1.  1.  1. -1.  0. -1.]
1.4338018161197e-5 [ 0. -1.  1.  0.  0.  0.  1.  0. -1. -1.  1.  1. -1.  1. -1.]
1.7226889639232e-5 [ 1.  1.  1. -1.  0.  0.  0. -1.  0.  0. -1.  0.  0.  0.  1.]
2.0585246574001e-5 [-1. -1.  0.  0.  1.  1. -1.  1. -1.  0. -1. -1.  1.  1.  0.]
2.5274034442191e-5 [ 0. -1.  0.  0.  0. -1.  1.  1. -1. -1. -1. -1.  1.  1.  1.]
2.6274965847506e-5 [ 0.  0.  1.  0. -1.  0.  1. -1. -1.  1. -1.  0.  0.  1.  0.]
Precision 14
Numebers 15

