0 : 


1 : 
1.4142135623730951 [1.]


2 : 
0.31783724519578205 [-1.  1.]
1.4142135623730951 [1. 0.]


3 : 
0.31783724519578205 [-1.  1.  0.]
0.5040171699309126 [ 0. -1.  1.]
0.8218544151266947 [-1.  0.  1.]


4 : 
0.1044154799123942 [-1.  1.  1. -1.]
0.21342176528338808 [ 0.  0. -1.  1.]
0.31783724519578205 [-1.  1.  0.  0.]
0.5040171699309126 [ 0. -1.  1.  0.]


5 : 
0.09184608836901864 [ 1. -1. -1.  0.  1.]
0.1044154799123942 [-1.  1.  1. -1.  0.]
0.12157567691436988 [-1.  1.  0.  1. -1.]
0.19626156828141283 [ 0.  0.  0. -1.  1.]
0.21342176528338808 [ 0.  0. -1.  1.  0.]


6 : 
0.012509179172876195 [ 0.  1. -1.  0. -1.  1.]
0.014732661375382428 [-1.  1. -1.  1.  1. -1.]
0.016013290226406962 [-1. -1.  0.  0.  0.  1.]
0.09184608836901864 [ 1. -1. -1.  0.  1.  0.]
0.1044154799123942 [-1.  1.  1. -1.  0.  0.]
0.1090664977414928 [-1.  0.  1.  1.  0. -1.]


7 : 
0.012509179172876195 [ 0.  1. -1.  0. -1.  1.  0.]
0.014732661375382428 [-1.  1. -1.  1.  1. -1.  0.]
0.016013290226406962 [-1. -1.  0.  0.  0.  1.  0.]
0.025901147867985586 [ 1.  1.  0. -1.  1.  0. -1.]
0.030552165697083744 [ 1.  0.  0.  1.  1. -1. -1.]
0.032771453272649964 [ 1. -1.  0. -1.  1. -1.  1.]
0.041914438094392104 [ 0.  0.  0. -1.  1.  1. -1.]


8 : 
0.0018351915145959907 [-1. -1. -1.  1.  1.  0. -1.  1.]
0.002815826314503056 [ 1.  0.  1.  1. -1. -1.  1. -1.]
0.011958811136246084 [ 0.  1.  1.  1. -1.  1. -1. -1.]
0.012509179172876195 [ 0.  1. -1.  0. -1.  1.  0.  0.]
0.014178098711811415 [ 0.  0.  1. -1. -1.  1.  1. -1.]
0.014732661375382428 [-1.  1. -1.  1.  1. -1.  0.  0.]
0.016013290226406962 [-1. -1.  0.  0.  0.  1.  0.  0.]
0.01640158091431765 [-1.  0.  1.  0.  1. -1.  1. -1.]


9 : 
0.00011365933603535439 [-1. -1.  1.  1.  1.  1.  0. -1. -1.]
0.0006640273726663537 [-1. -1. -1.  0.  1.  1.  1.  0. -1.]
0.0011384657004729348 [ 0. -1. -1.  0. -1.  1.  1. -1.  1.]
0.001289069926119879 [ 1.  0.  1.  1. -1.  0. -1.  1. -1.]
0.0018351915145959907 [-1. -1. -1.  1.  1.  0. -1.  1.  0.]
0.002815826314503056 [ 1.  0.  1.  1. -1. -1.  1. -1.  0.]
0.0033619479029773913 [-1. -1. -1.  1.  1. -1.  1. -1.  1.]
0.003390451717494969 [ 0. -1.  0. -1.  0. -1.  0.  1.  1.]
0.003508357501685211 [ 1. -1.  1. -1. -1.  0.  1.  1. -1.]


10 : 
0.00011365933603535439 [-1. -1.  1.  1.  1.  1.  0. -1. -1.  0.]
0.0006640273726663537 [-1. -1. -1.  0.  1.  1.  1.  0. -1.  0.]
0.0009437656456903198 [ 0.  1.  1. -1.  1.  1. -1.  1. -1. -1.]
0.0011384657004729348 [ 0. -1. -1.  0. -1.  1.  1. -1.  1.  0.]
0.001289069926119879 [ 1.  0.  1.  1. -1.  0. -1.  1. -1.  0.]
0.001418203973496901 [ 1.  1.  1. -1. -1.  1. -1.  0.  1. -1.]
0.0018351915145959907 [-1. -1. -1.  1.  1.  0. -1.  1.  0.  0.]
0.002470522034075273 [ 0.  1.  1. -1.  1.  0.  1. -1.  0. -1.]
0.002815826314503056 [ 1.  0.  1.  1. -1. -1.  1. -1.  0.  0.]
0.003229138121731978 [ 1.  1. -1.  1. -1.  1.  0.  0.  0. -1.]


11 : 
0.00011365933603535439 [-1. -1.  1.  1.  1.  1.  0. -1. -1.  0.  0.]
0.0006397103619733002 [ 0. -1. -1.  0.  0.  1. -1.  0.  0.  0.  1.]
0.0006640273726663537 [-1. -1. -1.  0.  1.  1.  1.  0. -1.  0.  0.]
0.000675665366111744 [-1.  1.  1.  0. -1.  0.  1. -1. -1.  0.  1.]
0.0009437656456903198 [ 0.  1.  1. -1.  1.  1. -1.  1. -1. -1.  0.]
0.0010280010498826542 [ 0.  0.  0.  0.  1. -1.  0. -1.  0.  0.  1.]
0.0011384657004729348 [ 0. -1. -1.  0. -1.  1.  1. -1.  1.  0.  0.]
0.0011954811526226905 [-1.  0.  0.  1.  1. -1.  0.  1.  0.  0. -1.]
0.001289069926119879 [ 1.  0.  1.  1. -1.  0. -1.  1. -1.  0.  0.]
0.001418203973496901 [ 1.  1.  1. -1. -1.  1. -1.  0.  1. -1.  0.]
0.0014425209841899544 [ 0.  1.  1. -1.  0.  1.  1.  0.  0. -1. -1.]


12 : 
5.187857714261668e-05 [ 1. -1. -1.  1.  0.  0.  0.  0.  1. -1. -1.  1.]
0.00011365933603535439 [-1. -1.  1.  1.  1.  1.  0. -1. -1.  0.  0.  0.]
0.00011512926872114804 [ 1.  1. -1.  0. -1. -1. -1.  1.  0. -1.  1.  1.]
0.00013944627941242516 [ 0.  1. -1.  0.  0. -1.  1.  1. -1. -1.  0.  1.]
0.00022878860475472607 [ 0.  0.  0.  1.  0.  0. -1.  0. -1. -1.  1.  1.]
0.00027619974026649174 [ 1.  1. -1.  0.  1. -1.  1. -1. -1.  1.  1. -1.]
0.00037838293596514916 [ 0.  0.  1. -1.  1.  0. -1. -1. -1.  1.  0.  1.]
0.00041092175721857416 [ 0. -1. -1. -1.  0.  1.  0.  0.  1.  1.  0. -1.]
0.0004193628323143628 [ 1.  1. -1.  1.  0. -1. -1.  1.  0.  1.  0. -1.]
0.0004436798430091926 [ 0.  1. -1.  1.  1. -1.  1.  1. -1.  1. -1. -1.]
0.0004972886616485539 [ 1.  1.  0.  1. -1.  0. -1.  0. -1.  1. -1.  1.]
0.0006397103619733002 [ 0. -1. -1.  0.  0.  1. -1.  0.  0.  0.  1.  0.]


13 : 
9.066398925838826e-06 [ 1.  0.  1.  1.  0.  1.  1.  0.  0. -1. -1.  0. -1.]
3.1179434941464024e-05 [ 1. -1.  0.  1. -1. -1.  1. -1.  1.  0.  0. -1.  1.]
5.187857714261668e-05 [ 1. -1. -1.  1.  0.  0.  0.  0.  1. -1. -1.  1.  0.]
5.305596924642941e-05 [-1.  0. -1.  0.  1. -1.  0. -1.  0.  1.  1.  1. -1.]
5.7302417403093386e-05 [ 1.  1. -1. -1. -1. -1.  1.  0. -1.  1.  1.  1. -1.]
6.807064234592985e-05 [-1.  1.  1.  1.  1.  0. -1.  0.  0. -1.  1.  0. -1.]
0.00011365933603535439 [-1. -1.  1.  1.  1.  1.  0. -1. -1.  0.  0.  0.  0.]
0.00011512926872114804 [ 1.  1. -1.  0. -1. -1. -1.  1.  0. -1.  1.  1.  0.]
0.00013944627941242516 [ 0.  1. -1.  0.  0. -1.  1.  1. -1. -1.  0.  1.  0.]
0.0001607179624087962 [ 1. -1. -1.  0. -1.  0.  0.  0. -1.  0.  0.  1.  1.]
0.00018316381616312327 [ 1.  1.  0.  0.  0.  0.  0. -1.  0.  0. -1.  0.  1.]
0.00019521911979936135 [-1. -1.  1. -1.  1.  0. -1.  0. -1.  1.  1.  1. -1.]
0.00022878860475472607 [ 0.  0.  0.  1.  0.  0. -1.  0. -1. -1.  1.  1.  0.]


14 : 
2.277136630368659e-07 [ 1. -1. -1.  1.  0. -1.  1.  0.  1.  0. -1. -1.  0.  1.]
9.066398925838826e-06 [ 1.  0.  1.  1.  0.  1.  1.  0.  0. -1. -1.  0. -1.  0.]
2.0585246581106276e-05 [-1. -1.  0.  0.  1.  1. -1.  1. -1.  0. -1. -1.  1.  1.]
2.6274965858164023e-05 [ 0.  0.  1.  0. -1.  0.  1. -1. -1.  1. -1.  0.  0.  1.]
2.798913047286078e-05 [-1.  0.  1. -1.  1. -1.  1.  0.  1.  0.  0.  1. -1. -1.]
3.095172128197987e-05 [ 0.  0.  1.  0. -1.  0.  0. -1.  0.  0.  1.  0.  1. -1.]
3.1179434941464024e-05 [ 1. -1.  0.  1. -1. -1.  1. -1.  1.  0.  0. -1.  1.  0.]
3.256484930957981e-05 [ 1.  1.  0.  1. -1. -1.  0.  0.  1. -1. -1.  1. -1.  1.]
4.63609215195504e-05 [-1.  0. -1.  1. -1.  1. -1.  0.  0.  1. -1.  1.  1. -1.]
5.187857714261668e-05 [ 1. -1. -1.  1.  0.  0.  0.  0.  1. -1. -1.  1.  0.  0.]
5.305596924642941e-05 [-1.  0. -1.  0.  1. -1.  0. -1.  0.  1.  1.  1. -1.  0.]
5.7302417403093386e-05 [ 1.  1. -1. -1. -1. -1.  1.  0. -1.  1.  1.  1. -1.  0.]
6.807064234592985e-05 [-1.  1.  1.  1.  1.  0. -1.  0.  0. -1.  1.  0. -1.  0.]
6.908714407316552e-05 [ 0. -1. -1.  0. -1. -1.  0. -1.  0.  1. -1.  1.  1.  1.]


15 : 
2.277136630368659e-07 [ 1. -1. -1.  1.  0. -1.  1.  0.  1.  0. -1. -1.  0.  1.  0.]
9.570237367029222e-07 [ 1. -1.  0.  0. -1. -1. -1.  1.  0. -1.  0. -1.  1.  1.  1.]
4.4610741838368995e-06 [ 0.  1.  1. -1. -1. -1.  1.  0. -1. -1.  1.  1.  0. -1.  1.]
5.21896409999556e-06 [-1.  1.  0.  1.  1.  0.  0.  0.  1.  0.  0. -1.  0.  0. -1.]
7.176919261553394e-06 [ 0.  1.  1.  1. -1.  0. -1. -1.  1.  1.  0. -1.  0.  1. -1.]
9.04807619939163e-06 [-1. -1.  0.  1. -1.  0.  1.  0. -1.  1.  0.  0.  0.  1. -1.]
9.066398925838826e-06 [ 1.  0.  1.  1.  0.  1.  1.  0.  0. -1. -1.  0. -1.  0.  0.]
1.1200814764578126e-05 [ 0.  0.  1.  0.  0. -1.  0.  0. -1.  0.  1. -1. -1.  1.  1.]
1.1525407785484276e-05 [ 1. -1. -1. -1.  0. -1.  1. -1.  1.  0. -1.  1.  1.  1. -1.]
1.2720195979198934e-05 [-1. -1.  1.  0. -1. -1.  0.  0.  1.  1.  1.  1. -1.  0. -1.]
1.4338018157644683e-05 [ 0. -1.  1.  0.  0.  0.  1.  0. -1. -1.  1.  1. -1.  1. -1.]
1.7226889653443322e-05 [ 1.  1.  1. -1.  0.  0.  0. -1.  0.  0. -1.  0.  0.  0.  1.]
2.0585246581106276e-05 [-1. -1.  0.  0.  1.  1. -1.  1. -1.  0. -1. -1.  1.  1.  0.]
2.5274034431532755e-05 [ 0. -1.  0.  0.  0. -1.  1.  1. -1. -1. -1. -1.  1.  1.  1.]
2.6274965858164023e-05 [ 0.  0.  1.  0. -1.  0.  1. -1. -1.  1. -1.  0.  0.  1.  0.]


16 : 
1.59679299116533e-07 [-1. -1. -1.  1. -1.  1.  0. -1.  0. -1.  0.  0.  0.  0.  1.  1.]
2.277136630368659e-07 [ 1. -1. -1.  1.  0. -1.  1.  0.  1.  0. -1. -1.  0.  1.  0.  0.]
2.9983158000845833e-07 [ 1. -1.  0.  1.  0. -1.  0. -1.  1. -1.  0.  1.  0. -1.  0.  1.]
6.143265878222337e-07 [-1.  1.  1.  1.  1.  0.  0. -1.  0.  0. -1.  1. -1.  0. -1.  1.]
9.570237367029222e-07 [ 1. -1.  0.  0. -1. -1. -1.  1.  0. -1.  0. -1.  1.  1.  1.  0.]
1.5713503245251559e-06 [ 0.  0.  1.  1.  0. -1. -1.  0.  0. -1. -1.  0.  0.  1.  0.  1.]
2.595687483619713e-06 [ 0.  0.  1. -1. -1.  1.  1.  0.  1. -1. -1. -1.  0.  1. -1.  1.]
3.2189945358140903e-06 [ 0.  1. -1.  1. -1.  0.  0. -1.  0. -1.  1.  1.  0.  0.  1. -1.]
3.6476137701413336e-06 [-1.  1. -1.  0.  1.  1.  1.  0.  1.  1.  1. -1.  0. -1. -1. -1.]
3.8104095327895493e-06 [ 0.  0. -1.  1.  0.  0.  0.  1. -1.  1.  0. -1.  0. -1.  0.  1.]
4.4610741838368995e-06 [ 0.  1.  1. -1. -1. -1.  1.  0. -1. -1.  1.  1.  0. -1.  1.  0.]
5.21896409999556e-06 [-1.  1.  0.  1.  1.  0.  0.  0.  1.  0.  0. -1.  0.  0. -1.  0.]
5.982990725073023e-06 [-1.  0.  1.  1. -1. -1. -1. -1. -1.  1.  1.  0.  0. -1.  1.  1.]
7.176919261553394e-06 [ 0.  1.  1.  1. -1.  0. -1. -1.  1.  1.  0. -1.  0.  1. -1.  0.]
9.04807619939163e-06 [-1. -1.  0.  1. -1.  0.  1.  0. -1.  1.  0.  0.  0.  1. -1.  0.]
9.066398925838826e-06 [ 1.  0.  1.  1.  0.  1.  1.  0.  0. -1. -1.  0. -1.  0.  0.  0.]


17 : 
4.793935914904068e-09 [ 0.  1. -1.  0.  0. -1.  1. -1.  0.  0.  1. -1.  1.  1. -1.  1. -1.]
1.59679299116533e-07 [-1. -1. -1.  1. -1.  1.  0. -1.  0. -1.  0.  0.  0.  0.  1.  1.  0.]
1.6588827023156227e-07 [-1. -1.  1.  1.  1. -1. -1. -1.  0. -1.  0.  0.  0.  1.  1. -1.  1.]
2.277136630368659e-07 [ 1. -1. -1.  1.  0. -1.  1.  0.  1.  0. -1. -1.  0.  1.  0.  0.  0.]
2.9983158000845833e-07 [ 1. -1.  0.  1.  0. -1.  0. -1.  1. -1.  0.  1.  0. -1.  0.  1.  0.]
3.7609100189683886e-07 [-1.  0.  1.  1.  1. -1.  0.  1.  1.  1. -1. -1.  1. -1.  0.  0. -1.]
3.959974534950561e-07 [-1. -1.  1.  0.  0.  1.  1. -1. -1.  0. -1.  0. -1.  0.  0.  1.  1.]
6.143265878222337e-07 [-1.  1.  1.  1.  1.  0.  0. -1.  0.  0. -1.  1. -1.  0. -1.  1.  0.]
7.950107843157639e-07 [-1.  1.  0. -1. -1.  0.  1.  0. -1.  1.  0. -1.  0.  0. -1.  1.  1.]
9.570237367029222e-07 [ 1. -1.  0.  0. -1. -1. -1.  1.  0. -1.  0. -1.  1.  1.  1.  0.  0.]
1.0057614900915723e-06 [ 0.  0.  0. -1. -1. -1.  0.  1.  0. -1.  1.  0.  1. -1.  1.  1. -1.]
1.190225432878833e-06 [-1. -1.  1. -1.  0.  1.  1. -1.  1. -1.  0. -1.  0.  1.  0. -1.  1.]
1.5355616724832544e-06 [ 0. -1.  1.  0. -1.  1.  1. -1.  0.  1. -1.  0. -1.  1.  1.  0. -1.]
1.5479701644949273e-06 [-1.  1.  0.  0.  0. -1.  1.  1.  0.  0. -1. -1.  0.  1.  0.  1. -1.]
1.5695142394633876e-06 [ 0. -1.  0. -1.  0.  0.  0.  0. -1.  1.  1.  0. -1.  0.  1.  1. -1.]
1.5713503245251559e-06 [ 0.  0.  1.  1.  0. -1. -1.  0.  0. -1. -1.  0.  0.  1.  0.  1.  0.]
2.380518015598909e-06 [ 1.  0.  1.  0.  0.  1.  1.  0. -1.  1.  0. -1.  1.  0.  0. -1. -1.]


18 : 
4.793935914904068e-09 [ 0.  1. -1.  0.  0. -1.  1. -1.  0.  0.  1. -1.  1.  1. -1.  1. -1.  0.]
1.59679299116533e-07 [-1. -1. -1.  1. -1.  1.  0. -1.  0. -1.  0.  0.  0.  0.  1.  1.  0.  0.]
1.6588827023156227e-07 [-1. -1.  1.  1.  1. -1. -1. -1.  0. -1.  0.  0.  0.  1.  1. -1.  1.  0.]
2.277136630368659e-07 [ 1. -1. -1.  1.  0. -1.  1.  0.  1.  0. -1. -1.  0.  1.  0.  0.  0.  0.]
2.9983158000845833e-07 [ 1. -1.  0.  1.  0. -1.  0. -1.  1. -1.  0.  1.  0. -1.  0.  1.  0.  0.]
3.699245247901217e-07 [-1. -1.  1.  0.  1. -1. -1. -1.  1.  0. -1.  1.  1.  0.  1. -1. -1.  1.]
3.7609100189683886e-07 [-1.  0.  1.  1.  1. -1.  0.  1.  1.  1. -1. -1.  1. -1.  0.  0. -1.  0.]
3.959974534950561e-07 [-1. -1.  1.  0.  0.  1.  1. -1. -1.  0. -1.  0. -1.  0.  0.  1.  1.  0.]
6.143265878222337e-07 [-1.  1.  1.  1.  1.  0.  0. -1.  0.  0. -1.  1. -1.  0. -1.  1.  0.  0.]
7.950107843157639e-07 [-1.  1.  0. -1. -1.  0.  1.  0. -1.  1.  0. -1.  0.  0. -1.  1.  1.  0.]
9.570237367029222e-07 [ 1. -1.  0.  0. -1. -1. -1.  1.  0. -1.  0. -1.  1.  1.  1.  0.  0.  0.]
1.0057614900915723e-06 [ 0.  0.  0. -1. -1. -1.  0.  1.  0. -1.  1.  0.  1. -1.  1.  1. -1.  0.]
1.022427198904552e-06 [ 0.  0.  1. -1. -1.  0. -1. -1.  0.  1. -1.  1.  1. -1. -1.  1.  0.  1.]
1.190225432878833e-06 [-1. -1.  1. -1.  0.  1.  1. -1.  1. -1.  0. -1.  0.  1.  0. -1.  1.  0.]
1.5355616724832544e-06 [ 0. -1.  1.  0. -1.  1.  1. -1.  0.  1. -1.  0. -1.  1.  1.  0. -1.  0.]
1.5479701644949273e-06 [-1.  1.  0.  0.  0. -1.  1.  1.  0.  0. -1. -1.  0.  1.  0.  1. -1.  0.]
1.5695142394633876e-06 [ 0. -1.  0. -1.  0.  0.  0.  0. -1.  1.  1.  0. -1.  0.  1.  1. -1.  0.]
1.5713503245251559e-06 [ 0.  0.  1.  1.  0. -1. -1.  0.  0. -1. -1.  0.  0.  1.  0.  1.  0.  0.]


19 : 
4.793935914904068e-09 [ 0.  1. -1.  0.  0. -1.  1. -1.  0.  0.  1. -1.  1.  1. -1.  1. -1.  0.
  0.]
1.8013199820643422e-08 [ 0.  1.  0.  1. -1.  1. -1. -1.  1.  0.  1.  0. -1.  0.  1.  1. -1.  0.
 -1.]
3.017844818486992e-08 [-1.  1.  0. -1.  1.  0. -1.  1.  1.  1. -1.  0. -1. -1.  1.  0. -1.  0.
  1.]
5.6480864429886424e-08 [ 0.  1.  0.  0.  0. -1. -1.  0. -1.  0.  0.  1.  0.  1.  0.  1.  1. -1.
 -1.]
8.32215860668839e-08 [ 0.  0.  1.  0. -1. -1.  0.  0.  0.  1.  0.  0.  0.  1. -1.  1. -1. -1.
  1.]
9.106113907364488e-08 [ 0.  0. -1.  1.  0. -1.  0.  0. -1. -1.  0.  0. -1.  1.  1.  0. -1.  1.
  1.]
1.59679299116533e-07 [-1. -1. -1.  1. -1.  1.  0. -1.  0. -1.  0.  0.  0.  0.  1.  1.  0.  0.
  0.]
1.599765937498887e-07 [ 0.  1.  0.  1.  0.  0.  1.  1.  0.  0.  0.  1.  0.  0. -1. -1.  0.  0.
 -1.]
1.6588827023156227e-07 [-1. -1.  1.  1.  1. -1. -1. -1.  0. -1.  0.  0.  0.  1.  1. -1.  1.  0.
  0.]
1.706050909433543e-07 [ 1. -1. -1. -1.  1. -1.  0.  1.  1.  1.  1. -1.  1. -1. -1.  1.  1. -1.
 -1.]
2.1424273555226137e-07 [-1. -1.  1.  0.  0. -1.  0.  1. -1.  1. -1. -1.  1.  0.  1.  1.  1. -1.
 -1.]
2.277136630368659e-07 [ 1. -1. -1.  1.  0. -1.  1.  0.  1.  0. -1. -1.  0.  1.  0.  0.  0.  0.
  0.]
2.8580724276139335e-07 [ 1.  0.  0. -1.  0.  1.  0.  0.  1. -1.  0.  1.  0.  1.  0.  0.  0. -1.
 -1.]
2.9983158000845833e-07 [ 1. -1.  0.  1.  0. -1.  0. -1.  1. -1.  0.  1.  0. -1.  0.  1.  0.  0.
  0.]
3.5487907368292326e-07 [ 0. -1.  1.  0. -1. -1.  1.  1.  1.  1. -1.  1. -1. -1.  0.  1. -1. -1.
  1.]
3.599952442812082e-07 [-1.  0. -1.  1.  1. -1.  0.  0.  0. -1. -1.  1.  1.  0. -1.  0.  0.  0.
  1.]
3.659126193156226e-07 [ 1.  0.  0.  0. -1.  0. -1.  0.  1.  0.  1. -1.  1. -1. -1. -1.  0.  1.
  1.]
3.699245247901217e-07 [-1. -1.  1.  0.  1. -1. -1. -1.  1.  0. -1.  1.  1.  0.  1. -1. -1.  1.
  0.]
3.7609100189683886e-07 [-1.  0.  1.  1.  1. -1.  0.  1.  1.  1. -1. -1.  1. -1.  0.  0. -1.  0.
  0.]


20 : 
4.793935914904068e-09 [ 0.  1. -1.  0.  0. -1.  1. -1.  0.  0.  1. -1.  1.  1. -1.  1. -1.  0.
  0.  0.]
1.128481486034616e-08 [ 0. -1. -1. -1.  1.  1. -1.  0. -1.  1. -1.  1.  0.  1.  1.  0.  1.  0.
 -1. -1.]
1.8013199820643422e-08 [ 0.  1.  0.  1. -1.  1. -1. -1.  1.  0.  1.  0. -1.  0.  1.  1. -1.  0.
 -1.  0.]
2.2879312666646e-08 [ 1. -1.  1. -1.  1. -1.  1.  0.  0.  1.  1.  1. -1. -1. -1.  1.  0. -1.
  1. -1.]
3.017844818486992e-08 [-1.  1.  0. -1.  1.  0. -1.  1.  1.  1. -1.  0. -1. -1.  1.  0. -1.  0.
  1.  0.]
3.3474844229886e-08 [ 0. -1.  0.  1. -1.  1. -1.  1.  0.  0.  0.  0.  0.  1.  0.  1.  0.  0.
 -1. -1.]
5.6480864429886424e-08 [ 0.  1.  0.  0.  0. -1. -1.  0. -1.  0.  0.  1.  0.  1.  0.  1.  1. -1.
 -1.  0.]
6.710361333261972e-08 [-1.  1.  1.  1.  0.  1.  1. -1.  1.  1. -1.  1. -1.  1. -1.  0. -1. -1.
  1. -1.]
8.32215860668839e-08 [ 0.  0.  1.  0. -1. -1.  0.  0.  0.  1.  0.  0.  0.  1. -1.  1. -1. -1.
  1.  0.]
9.106113907364488e-08 [ 0.  0. -1.  1.  0. -1.  0.  0. -1. -1.  0.  0. -1.  1.  1.  0. -1.  1.
  1.  0.]
9.295122183061721e-08 [-1.  1.  1.  1. -1.  0.  0. -1. -1.  0.  0.  1.  0.  1. -1. -1.  0. -1.
  1.  1.]
1.0105617676003931e-07 [-1.  1.  0.  0.  1.  0.  0.  0.  0.  1.  1.  1. -1.  0. -1.  1. -1. -1.
  1. -1.]
1.1543687250537005e-07 [ 1.  0. -1. -1.  0.  0.  0.  0.  0.  1.  1.  0.  0. -1.  1. -1. -1.  1.
 -1.  1.]
1.1727295756713829e-07 [ 1.  1.  0.  1.  0. -1. -1.  0.  1. -1. -1.  0.  1.  0.  0. -1.  0.  1.
 -1.  1.]
1.2210090361008952e-07 [-1. -1.  0.  1. -1.  1. -1.  0.  0.  1. -1. -1. -1. -1. -1.  0.  1.  1.
  1.  1.]
1.429546365727674e-07 [ 1. -1. -1.  1.  1.  1.  0. -1.  0.  0.  0.  1.  1.  1. -1. -1.  0.  1.
 -1. -1.]
1.59679299116533e-07 [-1. -1. -1.  1. -1.  1.  0. -1.  0. -1.  0.  0.  0.  0.  1.  1.  0.  0.
  0.  0.]
1.599765937498887e-07 [ 0.  1.  0.  1.  0.  0.  1.  1.  0.  0.  0.  1.  0.  0. -1. -1.  0.  0.
 -1.  0.]
1.6588827023156227e-07 [-1. -1.  1.  1.  1. -1. -1. -1.  0. -1.  0.  0.  0.  1.  1. -1.  1.  0.
  0.  0.]
1.706050909433543e-07 [ 1. -1. -1. -1.  1. -1.  0.  1.  1.  1.  1. -1.  1. -1. -1.  1.  1. -1.
 -1.  0.]


21 : 
4.793935914904068e-09 [ 0.  1. -1.  0.  0. -1.  1. -1.  0.  0.  1. -1.  1.  1. -1.  1. -1.  0.
  0.  0.  0.]
8.987889543732308e-09 [-1. -1.  1.  1.  1.  0. -1. -1. -1. -1.  0.  1.  0.  1. -1.  0.  0. -1.
  0.  1.  1.]
1.1282459411177115e-08 [-1.  1.  1.  1.  0.  1. -1. -1. -1.  1.  1. -1.  1.  0.  0. -1.  1.  0.
  1. -1. -1.]
1.128481486034616e-08 [ 0. -1. -1. -1.  1.  1. -1.  0. -1.  1. -1.  1.  0.  1.  1.  0.  1.  0.
 -1. -1.  0.]
1.8013199820643422e-08 [ 0.  1.  0.  1. -1.  1. -1. -1.  1.  0.  1.  0. -1.  0.  1.  1. -1.  0.
 -1.  0.  0.]
2.0721749649510457e-08 [ 1.  1. -1.  0.  0.  1.  0. -1.  0.  0.  0. -1.  1.  1.  0.  0. -1. -1.
  1.  1. -1.]
2.2879312666646e-08 [ 1. -1.  1. -1.  1. -1.  1.  0.  0.  1.  1.  1. -1. -1. -1.  1.  0. -1.
  1. -1.  0.]
2.768974383116074e-08 [-1. -1.  1. -1. -1. -1. -1. -1. -1.  1.  1.  1. -1. -1.  1. -1.  0.  1.
  0.  1.  1.]
3.017844818486992e-08 [-1.  1.  0. -1.  1.  0. -1.  1.  1.  1. -1.  0. -1. -1.  1.  0. -1.  0.
  1.  0.  0.]
3.3474844229886e-08 [ 0. -1.  0.  1. -1.  1. -1.  1.  0.  0.  0.  0.  0.  1.  0.  1.  0.  0.
 -1. -1.  0.]
3.918940905123236e-08 [-1. -1.  1.  1.  0.  1.  0. -1. -1.  1. -1.  1.  1.  1. -1.  1. -1.  0.
 -1.  1. -1.]
5.015007786823844e-08 [ 0.  0.  1.  0.  1.  1.  1. -1.  0. -1. -1.  1. -1.  0.  0. -1.  0.  1.
  0. -1.  1.]
5.0790777805787e-08 [ 0.  0.  1.  0.  0.  1.  1.  1. -1.  0.  1.  0.  1.  1.  0. -1.  0. -1.
 -1.  0. -1.]
5.338377562225105e-08 [-1.  1.  1. -1.  0.  1. -1.  0.  0.  0.  0.  0.  1.  0. -1.  0.  0.  0.
 -1.  0.  1.]
5.6480864429886424e-08 [ 0.  1.  0.  0.  0. -1. -1.  0. -1.  0.  0.  1.  0.  1.  0.  1.  1. -1.
 -1.  0.  0.]
6.305286603947025e-08 [ 0.  1. -1.  1.  0. -1.  0.  0. -1.  1. -1.  0.  0. -1.  1.  1.  0. -1.
  1.  1. -1.]
6.468671287507277e-08 [-1.  0. -1.  0.  1.  1.  0.  1.  0.  0.  1. -1. -1.  1.  0. -1.  1.  1.
 -1.  0. -1.]
6.62680541552163e-08 [ 1. -1.  1. -1.  0. -1.  0.  0. -1. -1.  0.  0.  0.  0.  0.  0.  0.  1.
  0.  0.  1.]
6.710361333261972e-08 [-1.  1.  1.  1.  0.  1.  1. -1.  1.  1. -1.  1. -1.  1. -1.  0. -1. -1.
  1. -1.  0.]
6.825770171303702e-08 [ 1.  1.  0. -1.  1.  0.  0.  0. -1.  1.  0. -1. -1. -1.  1.  1.  0.  0.
 -1.  0.  1.]
6.917813877294066e-08 [ 1.  1. -1.  0. -1. -1. -1.  1. -1.  1.  1. -1.  0.  1.  0. -1.  1.  0.
  1.  0. -1.]


22 : 
3.290878680672904e-10 [ 1.  0.  1.  1.  0. -1.  0. -1. -1.  1.  0.  0. -1. -1.  1.  1.  0.  0.
  0.  0.  1. -1.]
8.81023254351021e-10 [ 0.  0.  1.  0.  1. -1.  1.  0. -1. -1.  1.  0.  1.  0.  1. -1. -1.  1.
  0.  0.  0. -1.]
3.071356502459821e-09 [-1.  0. -1.  0.  0. -1.  0. -1.  0.  0. -1. -1.  1.  1.  1.  1.  1.  0.
 -1.  0.  1. -1.]
3.6380711776473618e-09 [ 1. -1.  1. -1.  1.  1. -1.  1.  0.  1. -1. -1.  0.  1.  0.  0. -1.  0.
  1. -1.  1. -1.]
4.185938706768866e-09 [-1. -1. -1.  0.  0. -1.  0. -1.  0. -1.  1.  1. -1.  0.  0. -1.  1. -1.
  1.  0.  1.  1.]
4.704560296886484e-09 [ 0.  0. -1.  0.  0.  0.  0.  1.  1.  0.  1.  1. -1. -1. -1. -1. -1.  1.
  1.  0.  1. -1.]
4.793935914904068e-09 [ 0.  1. -1.  0.  0. -1.  1. -1.  0.  0.  1. -1.  1.  1. -1.  1. -1.  0.
  0.  0.  0.  0.]
5.4712501196263474e-09 [-1. -1.  0. -1.  0. -1.  1. -1. -1.  1.  0.  1.  0.  0.  1. -1.  1.  1.
  0.  1. -1. -1.]
6.937405316875811e-09 [-1.  0.  1. -1.  1. -1.  0.  0.  1.  1.  1. -1.  0.  0. -1.  0.  0.  1.
  0.  0.  0. -1.]
7.313229133387722e-09 [-1.  1. -1.  0.  0. -1.  0.  1.  0.  0. -1.  1. -1. -1.  1.  1. -1.  0.
  0. -1.  1.  1.]
8.987889543732308e-09 [-1. -1.  1.  1.  1.  0. -1. -1. -1. -1.  0.  1.  0.  1. -1.  0.  0. -1.
  0.  1.  1.  0.]
9.101952969103877e-09 [-1. -1.  1.  1. -1. -1. -1.  1.  1.  1. -1. -1. -1.  1.  1. -1.  0.  1.
  1.  1. -1. -1.]
1.1232117458348512e-08 [ 1. -1.  0.  1.  0. -1.  1.  0. -1.  1. -1.  0.  0. -1. -1.  1.  0. -1.
  1. -1.  1.  1.]
1.1282459411177115e-08 [-1.  1.  1.  1.  0.  1. -1. -1. -1.  1.  1. -1.  1.  0.  0. -1.  1.  0.
  1. -1. -1.  0.]
1.128481486034616e-08 [ 0. -1. -1. -1.  1.  1. -1.  0. -1.  1. -1.  1.  0.  1.  1.  0.  1.  0.
 -1. -1.  0.  0.]
1.1955393119933433e-08 [-1.  1.  0. -1.  0.  1. -1.  1. -1.  1.  1.  0.  1. -1.  0.  0. -1. -1.
  1.  1.  0. -1.]
1.3007404930931443e-08 [ 1.  0. -1. -1.  1.  1.  0.  0. -1.  1.  1.  1.  0.  1. -1.  0. -1.  0.
  0. -1. -1.  1.]
1.3695249378997687e-08 [-1. -1. -1.  1.  0. -1.  0.  0.  1. -1.  0.  0.  1. -1. -1.  0.  0.  1.
  1.  0. -1.  1.]
1.7306859945165343e-08 [-1.  0.  1.  1.  1.  0.  1.  1. -1. -1.  0. -1.  1.  0. -1.  1.  1. -1.
  0. -1. -1.  1.]
1.8013199820643422e-08 [ 0.  1.  0.  1. -1.  1. -1. -1.  1.  0.  1.  0. -1.  0.  1.  1. -1.  0.
 -1.  0.  0.  0.]
1.9153073793631847e-08 [-1.  1.  0. -1.  0. -1.  0.  0. -1.  1.  0.  1.  0.  1. -1. -1. -1.  1.
  0.  0.  0.  1.]
2.0243511755779764e-08 [-1.  0. -1.  1.  1.  0. -1.  1.  0.  1.  0. -1.  0. -1.  1.  1.  1.  1.
 -1.  0. -1. -1.]


23 : 
3.290878680672904e-10 [ 1.  0.  1.  1.  0. -1.  0. -1. -1.  1.  0.  0. -1. -1.  1.  1.  0.  0.
  0.  0.  1. -1.  0.]
8.81023254351021e-10 [ 0.  0.  1.  0.  1. -1.  1.  0. -1. -1.  1.  0.  1.  0.  1. -1. -1.  1.
  0.  0.  0. -1.  0.]
8.910205906431656e-10 [ 0.  0. -1.  1.  0.  0.  1.  0.  0. -1.  1.  0.  0. -1. -1.  1. -1.  1.
 -1.  0.  0.  0.  1.]
1.19435838996651e-09 [-1.  1.  1.  0. -1. -1. -1. -1.  1.  1.  1.  0. -1.  1.  1.  1.  0.  0.
 -1. -1.  1.  0. -1.]
1.2333742915870971e-09 [ 0. -1.  1.  0. -1. -1.  0. -1. -1. -1.  1.  1.  1.  0.  1.  1.  0.  1.
  0. -1.  1. -1. -1.]
1.7901342630466388e-09 [ 0. -1.  1. -1.  0.  1.  0. -1.  1. -1. -1.  0.  0.  0.  0. -1.  0.  0.
  0.  1.  1. -1.  1.]
1.7942554109140474e-09 [-1.  1. -1. -1.  0.  1.  0. -1. -1. -1.  1. -1.  0.  0. -1.  1. -1.  0.
  0.  1.  0.  1.  1.]
2.8794815420951636e-09 [-1.  0.  1.  1.  0.  0.  1. -1.  0. -1.  0.  0. -1.  1.  0.  0. -1.  0.
  0.  0. -1.  1.  1.]
2.893933981340524e-09 [-1.  1. -1. -1.  0.  1.  0.  0.  0.  0.  1.  0.  1.  0.  1.  1.  0.  0.
 -1. -1.  0.  0. -1.]
3.071356502459821e-09 [-1.  0. -1.  0.  0. -1.  0. -1.  0.  0. -1. -1.  1.  1.  1.  1.  1.  0.
 -1.  0.  1. -1.  0.]
3.575863161131565e-09 [-1.  1. -1. -1.  1. -1.  0.  0.  1.  1.  1.  1. -1. -1.  1.  1.  1. -1.
  0. -1. -1.  1. -1.]
3.6380711776473618e-09 [ 1. -1.  1. -1.  1.  1. -1.  1.  0.  1. -1. -1.  0.  1.  0.  0. -1.  0.
  1. -1.  1. -1.  0.]
4.185938706768866e-09 [-1. -1. -1.  0.  0. -1.  0. -1.  0. -1.  1.  1. -1.  0.  0. -1.  1. -1.
  1.  0.  1.  1.  0.]
4.704560296886484e-09 [ 0.  0. -1.  0.  0.  0.  0.  1.  1.  0.  1.  1. -1. -1. -1. -1. -1.  1.
  1.  0.  1. -1.  0.]
4.7522092927465565e-09 [ 0.  0. -1.  0.  0.  1.  1. -1. -1. -1.  0. -1.  0.  0.  1. -1.  1.  0.
  0. -1.  0.  1.  1.]
4.793935914904068e-09 [ 0.  1. -1.  0.  0. -1.  1. -1.  0.  0.  1. -1.  1.  1. -1.  1. -1.  0.
  0.  0.  0.  0.  0.]
4.887226623395691e-09 [ 1. -1.  0.  0.  0. -1.  0. -1.  0. -1. -1.  1. -1.  1.  1.  0.  1. -1.
  0.  1.  0. -1.  1.]
5.4712501196263474e-09 [-1. -1.  0. -1.  0. -1.  1. -1. -1.  1.  0.  1.  0.  0.  1. -1.  1.  1.
  0.  1. -1. -1.  0.]
6.440053823553171e-09 [ 1. -1.  1.  0.  0. -1. -1. -1.  0.  1.  0. -1.  0.  1.  1.  1.  1. -1.
  1. -1. -1. -1.  1.]
6.5059921894317085e-09 [ 0. -1.  1. -1.  1. -1.  0. -1.  0.  1.  0. -1. -1. -1.  1.  1.  0. -1.
  0.  1.  1.  1. -1.]
6.937405316875811e-09 [-1.  0.  1. -1.  1. -1.  0.  0.  1.  1.  1. -1.  0.  0. -1.  0.  0.  1.
  0.  0.  0. -1.  0.]
7.210473995655775e-09 [ 1. -1.  0.  0.  0.  0. -1.  1.  1. -1.  0.  1.  0. -1. -1.  1. -1.  1.
 -1.  0.  1.  1. -1.]
7.313229133387722e-09 [-1.  1. -1.  0.  0. -1.  0.  1.  0.  0. -1.  1. -1. -1.  1.  1. -1.  0.
  0. -1.  1.  1.  0.]


