********************************************************************************
For n = 2
[-1.  1.]
[1. 0.]

  
 Final Array taken : 
[[-1.  1.]
 [ 1.  0.]]
 [1. 2.]
 Trues: 9	 Falses 0
 
 
********************************************************************************
For n = 3
[-1.  1.  0.]
[ 0. -1.  1.]
[-1.  0.  1.]
[ 1.  1. -1.]

  
 Final Array taken : 
[[-1.  1.  0.]
 [ 0. -1.  1.]
 [ 1.  1. -1.]]
 [2. 3. 4.]
 Trues: 27	 Falses 0
 
 
********************************************************************************
For n = 4
[-1.  1.  1. -1.]
[ 0.  0. -1.  1.]
[-1.  1.  0.  0.]
[-1. -1.  1.  0.]
[-1.  1. -1.  1.]
[ 1.  1. -1. -1.]

  
 Final Array taken : 
[[-1.  1.  1. -1.]
 [ 0.  0. -1.  1.]
 [-1. -1.  1.  0.]
 [ 1.  1. -1. -1.]]
 [-3. -1. -3. -2.]
 Trues: 11	 Falses 70
 
 
********************************************************************************
For n = 5
[ 1. -1. -1.  0.  1.]
[-1.  1.  1. -1.  0.]
[-1.  1.  0.  1. -1.]
[ 0.  0.  0. -1.  1.]
[ 0.  0. -1.  1.  1.]
[ 1.  1.  1. -1. -1.]

  
 Final Array taken : 
[[ 1. -1. -1.  0.  1.]
 [-1.  1.  1. -1.  0.]
 [-1.  1.  0.  1. -1.]
 [ 0.  0. -1.  1.  1.]
 [ 1.  1.  1. -1. -1.]]
 [-0.5  2.5 -5.  -3.  -1. ]
 Trues: 77	 Falses 166
 
 
********************************************************************************
For n = 6
[ 0.  1. -1.  0. -1.  1.]
[-1.  1. -1.  1.  1. -1.]
[-1. -1.  0.  0.  0.  1.]
[ 1. -1. -1.  0.  1.  0.]
[-1.  1.  1. -1.  0.  0.]
[-1.  0.  1.  1.  0. -1.]

  
 Final Array taken : 
[[ 0.  1. -1.  0. -1.  1.]
 [-1.  1. -1.  1.  1. -1.]
 [-1. -1.  0.  0.  0.  1.]
 [ 1. -1. -1.  0.  1.  0.]
 [-1.  1.  1. -1.  0.  0.]
 [-1.  0.  1.  1.  0. -1.]]
 [15. 19. 24. 27. 29. 35.]
 Trues: 729	 Falses 0
 
 
********************************************************************************
For n = 7
[ 0.  1. -1.  0. -1.  1.  0.]
[-1.  1. -1.  1.  1. -1.  0.]
[-1. -1.  0.  0.  0.  1.  0.]
[ 1.  1.  0. -1.  1.  0. -1.]
[ 1.  0.  0.  1.  1. -1. -1.]
[ 1. -1.  0. -1.  1. -1.  1.]
[ 0.  0.  0. -1.  1.  1. -1.]
[ 1.  1. -1.  1.  1.  1. -1.]

  
 Final Array taken : 
[[ 0.  1. -1.  0. -1.  1.  0.]
 [-1.  1. -1.  1.  1. -1.  0.]
 [-1. -1.  0.  0.  0.  1.  0.]
 [ 1.  1.  0. -1.  1.  0. -1.]
 [ 1.  0.  0.  1.  1. -1. -1.]
 [ 1. -1.  0. -1.  1. -1.  1.]
 [ 1.  1. -1.  1.  1.  1. -1.]]
 [-0.21212121 -1.51515152 -2.96969697 -1.12121212 -0.27272727 -0.72727273
 -1.87878788]
 Trues: 487	 Falses 1700
 
 
********************************************************************************
For n = 8
[-1. -1. -1.  1.  1.  0. -1.  1.]
[ 1.  0.  1.  1. -1. -1.  1. -1.]
[ 0.  1.  1.  1. -1.  1. -1. -1.]
[ 0.  1. -1.  0. -1.  1.  0.  0.]
[ 0.  0.  1. -1. -1.  1.  1. -1.]
[-1.  1. -1.  1.  1. -1.  0.  0.]
[-1. -1.  0.  0.  0.  1.  0.  0.]
[-1. -1.  1.  0.  1. -1.  1. -1.]
[ 0. -1.  1.  1. -1.  0.  1. -1.]
[ 1.  1.  1. -1.  1.  0. -1. -1.]

  
 Final Array taken : 
[[-1. -1. -1.  1.  1.  0. -1.  1.]
 [ 1.  0.  1.  1. -1. -1.  1. -1.]
 [ 0.  1.  1.  1. -1.  1. -1. -1.]
 [ 0.  1. -1.  0. -1.  1.  0.  0.]
 [ 0.  0.  1. -1. -1.  1.  1. -1.]
 [-1.  1. -1.  1.  1. -1.  0.  0.]
 [-1. -1.  1.  0.  1. -1.  1. -1.]
 [ 1.  1.  1. -1.  1.  0. -1. -1.]]
 [ 2.66666667  0.         -0.66666667  3.33333333  4.33333333  4.66666667
  3.33333333 -1.33333333]
 Trues: 4749	 Falses 1812
 
 
********************************************************************************
For n = 9
[-1. -1.  1.  1.  1.  1.  0. -1. -1.]
[-1. -1. -1.  0.  1.  1.  1.  0. -1.]
[ 0. -1. -1.  0. -1.  1.  1. -1.  1.]
[ 1.  0.  1.  1. -1.  0. -1.  1. -1.]
[-1. -1. -1.  1.  1.  0. -1.  1.  0.]
[ 1.  0.  1.  1. -1. -1.  1. -1.  0.]
[-1. -1. -1.  1.  1. -1.  1. -1.  1.]
[-1. -1. -1. -1.  1. -1.  1.  1.  1.]
[ 1. -1.  1. -1. -1.  0.  1.  1. -1.]
[ 0.  1.  1.  1. -1.  1. -1. -1.  0.]

  
 Final Array taken : 
[[-1. -1.  1.  1.  1.  1.  0. -1. -1.]
 [-1. -1. -1.  0.  1.  1.  1.  0. -1.]
 [ 0. -1. -1.  0. -1.  1.  1. -1.  1.]
 [ 1.  0.  1.  1. -1.  0. -1.  1. -1.]
 [-1. -1. -1.  1.  1.  0. -1.  1.  0.]
 [ 1.  0.  1.  1. -1. -1.  1. -1.  0.]
 [-1. -1. -1. -1.  1. -1.  1.  1.  1.]
 [ 1. -1.  1. -1. -1.  0.  1.  1. -1.]
 [ 0.  1.  1.  1. -1.  1. -1. -1.  0.]]
 [-2.00000000e+00  3.33066907e-16  5.00000000e-01  1.00000000e+00
 -1.50000000e+00  6.90805438e-16  1.00000000e+00  1.00000000e+00
  5.27355937e-16]
 Trues: 11153	 Falses 8530
 
 
********************************************************************************
For n = 10
[-1. -1.  1.  1.  1.  1.  0. -1. -1.  0.]
[-1. -1. -1.  0.  1.  1.  1.  0. -1.  0.]
[ 0.  1.  1. -1.  1.  1. -1.  1. -1. -1.]
[ 0. -1. -1.  0. -1.  1.  1. -1.  1.  0.]
[ 1.  0.  1.  1. -1.  0. -1.  1. -1.  0.]
[ 1.  1.  1. -1. -1.  1. -1.  0.  1. -1.]
[-1. -1. -1.  1.  1.  1. -1.  1.  1. -1.]
[ 0.  1.  1. -1.  1.  0.  1. -1.  0. -1.]
[ 1.  0.  1.  1. -1. -1.  1. -1.  0.  0.]
[ 1.  1. -1.  1. -1.  1.  1. -1.  0. -1.]
[-1. -1. -1.  1.  1. -1.  1. -1.  1.  0.]
[ 0. -1.  0. -1.  0. -1.  0.  1.  1.  0.]

  
 Final Array taken : 
[[-1. -1.  1.  1.  1.  1.  0. -1. -1.  0.]
 [-1. -1. -1.  0.  1.  1.  1.  0. -1.  0.]
 [ 0.  1.  1. -1.  1.  1. -1.  1. -1. -1.]
 [ 0. -1. -1.  0. -1.  1.  1. -1.  1.  0.]
 [ 1.  0.  1.  1. -1.  0. -1.  1. -1.  0.]
 [-1. -1. -1.  1.  1.  1. -1.  1.  1. -1.]
 [ 0.  1.  1. -1.  1.  0.  1. -1.  0. -1.]
 [ 1.  1. -1.  1. -1.  1.  1. -1.  0. -1.]
 [-1. -1. -1.  1.  1. -1.  1. -1.  1.  0.]
 [ 0. -1.  0. -1.  0. -1.  0.  1.  1.  0.]]
 [-4.70000000e+01  5.00000000e+00  1.50000000e+00 -4.00000000e+00
 -3.65000000e+01 -1.50000000e+01 -1.00000000e+00 -3.15796771e-14
 -1.30000000e+01 -2.80000000e+01]
 Trues: 18301	 Falses 40748
 
 
********************************************************************************
For n = 11
[-1. -1.  1.  1.  1.  1.  0. -1. -1.  0.  0.]
[ 0. -1. -1.  0.  0.  1. -1.  0.  0.  0.  1.]
[-1. -1. -1.  0.  1.  1.  1.  0. -1.  0.  0.]
[-1.  1.  1.  0. -1.  0.  1. -1. -1.  0.  1.]
[ 0.  1.  1. -1.  1.  1. -1.  1. -1. -1.  0.]
[ 0.  0.  0.  0.  1. -1.  0. -1.  0.  0.  1.]
[ 0. -1. -1.  0. -1.  1.  1. -1.  1.  0.  0.]
[-1.  0.  0.  1.  1. -1.  0.  1.  0.  0. -1.]
[ 1.  0.  1.  1. -1.  0. -1.  1. -1.  0.  0.]
[ 1.  1.  1. -1. -1.  1. -1.  0.  1. -1.  0.]
[ 1.  1.  1. -1. -1.  1.  1.  0.  1. -1. -1.]
[-1. -1. -1.  1.  1.  0. -1.  1.  0.  0.  0.]
[-1.  1.  1.  1. -1. -1. -1.  1.  0.  0.  1.]

  
 Final Array taken : 
[[-1. -1.  1.  1.  1.  1.  0. -1. -1.  0.  0.]
 [ 0. -1. -1.  0.  0.  1. -1.  0.  0.  0.  1.]
 [-1. -1. -1.  0.  1.  1.  1.  0. -1.  0.  0.]
 [-1.  1.  1.  0. -1.  0.  1. -1. -1.  0.  1.]
 [ 0.  1.  1. -1.  1.  1. -1.  1. -1. -1.  0.]
 [ 0.  0.  0.  0.  1. -1.  0. -1.  0.  0.  1.]
 [ 0. -1. -1.  0. -1.  1.  1. -1.  1.  0.  0.]
 [-1.  0.  0.  1.  1. -1.  0.  1.  0.  0. -1.]
 [ 1.  0.  1.  1. -1.  0. -1.  1. -1.  0.  0.]
 [ 1.  1.  1. -1. -1.  1.  1.  0.  1. -1. -1.]
 [-1.  1.  1.  1. -1. -1. -1.  1.  0.  0.  1.]]
 [ 1.          3.         -2.42857143  4.14285714  0.71428571  1.28571429
  0.28571429 -1.         -0.28571429 -3.57142857  0.57142857]
 Trues: 90561	 Falses 86586
 
 
********************************************************************************
For n = 12
[ 1. -1. -1.  1.  0.  0.  0.  0.  1. -1. -1.  1.]
[-1. -1.  1.  1.  1.  1.  0. -1. -1.  0.  0.  0.]
[ 1.  1. -1.  0. -1. -1. -1.  1.  0. -1.  1.  1.]
[ 0.  1. -1.  0.  0. -1.  1.  1. -1. -1.  0.  1.]
[ 0.  0.  0.  1.  0.  0. -1.  0. -1. -1.  1.  1.]
[ 1.  1. -1.  1.  1. -1.  1. -1. -1.  1.  1. -1.]
[ 0.  0.  1. -1.  1.  0. -1. -1. -1.  1.  0.  1.]
[ 0. -1. -1. -1.  0.  1.  0.  0.  1.  1.  0. -1.]
[ 1.  1. -1.  1.  0. -1. -1.  1.  0.  1.  0. -1.]
[ 0.  1. -1.  1.  1. -1.  1.  1. -1.  1. -1. -1.]
[ 1.  1. -1.  1. -1. -1. -1.  1. -1.  1. -1.  1.]
[ 0. -1. -1.  0.  0.  1. -1.  0.  0.  0.  1.  0.]
[ 0. -1. -1.  1.  0. -1.  1.  0.  1. -1.  1. -1.]
[ 0.  1.  0.  0.  1.  1. -1. -1.  1.  0.  0. -1.]
[-1.  0.  0. -1.  0. -1.  1.  1.  1. -1. -1.  1.]

  
 Final Array taken : 
[[ 1. -1. -1.  1.  0.  0.  0.  0.  1. -1. -1.  1.]
 [-1. -1.  1.  1.  1.  1.  0. -1. -1.  0.  0.  0.]
 [ 1.  1. -1.  0. -1. -1. -1.  1.  0. -1.  1.  1.]
 [ 0.  1. -1.  0.  0. -1.  1.  1. -1. -1.  0.  1.]
 [ 1.  1. -1.  1.  1. -1.  1. -1. -1.  1.  1. -1.]
 [ 0.  0.  1. -1.  1.  0. -1. -1. -1.  1.  0.  1.]
 [ 0. -1. -1. -1.  0.  1.  0.  0.  1.  1.  0. -1.]
 [ 1.  1. -1.  1.  0. -1. -1.  1.  0.  1.  0. -1.]
 [ 1.  1. -1.  1. -1. -1. -1.  1. -1.  1. -1.  1.]
 [ 0. -1. -1.  1.  0. -1.  1.  0.  1. -1.  1. -1.]
 [ 0.  1.  0.  0.  1.  1. -1. -1.  1.  0.  0. -1.]
 [-1.  0.  0. -1.  0. -1.  1.  1.  1. -1. -1.  1.]]
 [-1.6978852   0.13897281 -1.54984894  0.86102719  1.3141994   0.02416918
 -0.47734139  0.23867069  0.96978852  1.14199396  1.08761329  1.6858006 ]
 Trues: 345087	 Falses 186354
 
 
********************************************************************************
For n = 13
[ 1.  0.  1.  1.  0.  1.  1.  0.  0. -1. -1.  0. -1.]
[ 1. -1.  0.  1. -1. -1.  1. -1.  1.  0.  0. -1.  1.]
[ 1. -1. -1.  1.  0.  0.  0.  0.  1. -1. -1.  1.  0.]
[-1.  0. -1.  0.  1. -1.  0. -1.  0.  1.  1.  1. -1.]
[ 1.  1. -1. -1. -1. -1.  1.  0. -1.  1.  1.  1. -1.]
[-1.  1.  1.  1.  1.  0. -1.  0.  0. -1.  1.  0. -1.]
[-1. -1.  1.  1.  1.  1.  0. -1. -1.  0.  0.  0.  0.]
[ 1.  1. -1.  0. -1. -1. -1.  1.  0. -1.  1.  1.  0.]
[ 1.  1. -1.  0. -1. -1.  1.  1. -1. -1.  1.  1.  0.]
[ 1. -1. -1.  0. -1.  0.  0.  0. -1.  0.  0.  1.  1.]
[ 1.  1. -1.  0. -1.  0.  0. -1. -1.  0. -1.  1.  1.]
[-1. -1.  1. -1.  1.  0. -1.  0. -1.  1.  1.  1. -1.]
[ 0.  0.  0.  1.  0.  0. -1.  0. -1. -1.  1.  1.  0.]
[ 1.  1. -1.  1.  1. -1.  1. -1. -1.  1.  1. -1.  0.]
[ 1. -1.  1.  0. -1. -1.  1.  1. -1. -1.  0.  0.  1.]
[ 0.  0.  0.  1. -1.  0. -1.  1. -1.  1.  0.  1. -1.]

  
 Final Array taken : 
[[ 1.  0.  1.  1.  0.  1.  1.  0.  0. -1. -1.  0. -1.]
 [ 1. -1.  0.  1. -1. -1.  1. -1.  1.  0.  0. -1.  1.]
 [ 1. -1. -1.  1.  0.  0.  0.  0.  1. -1. -1.  1.  0.]
 [-1.  0. -1.  0.  1. -1.  0. -1.  0.  1.  1.  1. -1.]
 [ 1.  1. -1. -1. -1. -1.  1.  0. -1.  1.  1.  1. -1.]
 [-1.  1.  1.  1.  1.  0. -1.  0.  0. -1.  1.  0. -1.]
 [-1. -1.  1.  1.  1.  1.  0. -1. -1.  0.  0.  0.  0.]
 [ 1.  1. -1.  0. -1. -1.  1.  1. -1. -1.  1.  1.  0.]
 [ 1.  1. -1.  0. -1.  0.  0. -1. -1.  0. -1.  1.  1.]
 [-1. -1.  1. -1.  1.  0. -1.  0. -1.  1.  1.  1. -1.]
 [ 1.  1. -1.  1.  1. -1.  1. -1. -1.  1.  1. -1.  0.]
 [ 1. -1.  1.  0. -1. -1.  1.  1. -1. -1.  0.  0.  1.]
 [ 0.  0.  0.  1. -1.  0. -1.  1. -1.  1.  0.  1. -1.]]
 [ 0.62406639 -0.04647303  0.61908714  0.57261411  0.06473029 -0.28049793
 -0.0340249  -0.53360996 -0.06804979  0.03319502  0.4406639   0.91784232
  0.02738589]
 Trues: 982111	 Falses 612212
 
 
********************************************************************************
For n = 14
[ 1. -1. -1.  1.  0. -1.  1.  0.  1.  0. -1. -1.  0.  1.]
[ 1.  0.  1.  1.  0.  1.  1.  0.  0. -1. -1.  0. -1.  0.]
[-1. -1.  0.  0.  1.  1. -1.  1. -1.  0. -1. -1.  1.  1.]
[ 0.  0.  1.  0. -1.  0.  1. -1. -1.  1. -1.  0.  0.  1.]
[-1.  0.  1. -1.  1. -1.  1.  0.  1.  0.  0.  1. -1. -1.]
[ 0.  0.  1.  0. -1.  0.  0. -1.  0.  0.  1.  0.  1. -1.]
[ 1. -1.  0.  1. -1. -1.  1. -1.  1.  0.  0. -1.  1.  0.]
[ 1.  1.  0.  1. -1. -1.  1. -1.  1. -1. -1.  1. -1.  1.]
[-1.  0. -1.  1. -1.  1. -1.  0.  0.  1. -1.  1.  1. -1.]
[ 1. -1. -1.  1.  0.  0.  0.  0.  1. -1. -1.  1.  0.  0.]
[-1.  0. -1.  0.  1. -1.  0. -1.  0.  1.  1.  1. -1.  0.]
[ 1.  1. -1. -1. -1. -1.  1.  0. -1.  1.  1.  1. -1.  0.]
[-1.  1.  1.  1.  1.  0. -1.  0.  0. -1.  1.  0. -1.  0.]
[ 0. -1. -1.  0. -1. -1.  0. -1.  0.  1. -1.  1.  1.  1.]
[ 1. -1. -1.  1. -1. -1.  0. -1.  1. -1. -1.  1.  1. -1.]
[ 0.  0.  1.  1. -1.  0. -1.  0.  0. -1. -1.  0.  1.  1.]
[ 0.  0. -1.  1. -1.  1. -1.  1. -1.  1. -1. -1.  1. -1.]

  
 Final Array taken : 
[[ 1. -1. -1.  1.  0. -1.  1.  0.  1.  0. -1. -1.  0.  1.]
 [ 1.  0.  1.  1.  0.  1.  1.  0.  0. -1. -1.  0. -1.  0.]
 [-1. -1.  0.  0.  1.  1. -1.  1. -1.  0. -1. -1.  1.  1.]
 [ 0.  0.  1.  0. -1.  0.  1. -1. -1.  1. -1.  0.  0.  1.]
 [-1.  0.  1. -1.  1. -1.  1.  0.  1.  0.  0.  1. -1. -1.]
 [ 0.  0.  1.  0. -1.  0.  0. -1.  0.  0.  1.  0.  1. -1.]
 [ 1.  1.  0.  1. -1. -1.  1. -1.  1. -1. -1.  1. -1.  1.]
 [-1.  0. -1.  1. -1.  1. -1.  0.  0.  1. -1.  1.  1. -1.]
 [ 1. -1. -1.  1.  0.  0.  0.  0.  1. -1. -1.  1.  0.  0.]
 [-1.  0. -1.  0.  1. -1.  0. -1.  0.  1.  1.  1. -1.  0.]
 [ 1.  1. -1. -1. -1. -1.  1.  0. -1.  1.  1.  1. -1.  0.]
 [-1.  1.  1.  1.  1.  0. -1.  0.  0. -1.  1.  0. -1.  0.]
 [ 1. -1. -1.  1. -1. -1.  0. -1.  1. -1. -1.  1.  1. -1.]
 [ 0.  0. -1.  1. -1.  1. -1.  1. -1.  1. -1. -1.  1. -1.]]
 [24.63057325 25.01273885 11.05732484 14.76433121 36.27388535 -6.84076433
  6.21656051  4.21656051 -2.60509554 18.66242038 -3.21656051 15.72611465
 33.38216561 -0.26751592]
 Trues: 3343473	 Falses 1439496
 
 
