5 : 
0.06 [ 1. -1. -1.  0.  1.]
0.1 [-1.  1.  0.  1. -1.]
0.2 [ 0.  0. -1.  1.  0.]
0.2 [ 0.  0.  0. -1.  1.]
Precision 1
Numebers 4

5 : 
0.094 [ 1. -1. -1.  0.  1.]
0.11 [-1.  1.  1. -1.  0.]
0.12 [-1.  1.  0.  1. -1.]
0.2 [ 0.  0.  0. -1.  1.]
0.21 [ 0.  0. -1.  1.  0.]
Precision 2
Numebers 5

6 : 
0.016 [-1.  1. -1.  1.  1. -1.]
0.023 [ 0.  1. -1.  0. -1.  1.]
0.094 [ 1. -1. -1.  0.  1.  0.]
0.11 [-1.  1.  1. -1.  0.  0.]
0.11 [-1.  0.  1.  1.  0. -1.]
Precision 2
Numebers 5

6 : 
0.0137 [ 0.  1. -1.  0. -1.  1.]
0.0146 [-1.  1. -1.  1.  1. -1.]
0.0156 [-1. -1.  0.  0.  0.  1.]
0.0918 [ 1. -1. -1.  0.  1.  0.]
0.104 [-1.  1.  1. -1.  0.  0.]
0.109 [-1.  0.  1.  1.  0. -1.]
Precision 3
Numebers 6

7 : 
0.016 [-1.  1. -1.  1.  1. -1.  0.]
0.023 [ 1.  0.  0.  1.  1. -1. -1.]
0.031 [ 1. -1.  0. -1.  1. -1.  1.]
Precision 2
Numebers 3

7 : 
0.0137 [ 0.  1. -1.  0. -1.  1.  0.]
0.0146 [-1.  1. -1.  1.  1. -1.  0.]
0.0156 [-1. -1.  0.  0.  0.  1.  0.]
0.0264 [ 1.  1.  0. -1.  1.  0. -1.]
0.0313 [ 1.  0.  0.  1.  1. -1. -1.]
0.0322 [ 1. -1.  0. -1.  1. -1.  1.]
0.042 [ 0.  0.  0. -1.  1.  1. -1.]
Precision 3
Numebers 7

8 : 
0.016 [ 0.  0.  1. -1. -1.  1.  1. -1.]
0.023 [ 1.  0.  0.  1.  1. -1. -1.  0.]
Precision 2
Numebers 2

8 : 
0.00195 [ 1.  0.  1.  1. -1. -1.  1. -1.]
0.0137 [ 0.  1.  1.  1. -1.  1. -1. -1.]
0.0146 [-1.  1. -1.  1.  1. -1.  0.  0.]
0.0156 [-1.  0.  1.  0.  1. -1.  1. -1.]
Precision 3
Numebers 4

8 : 
0.001831 [-1. -1. -1.  1.  1.  0. -1.  1.]
0.002808 [ 1.  0.  1.  1. -1. -1.  1. -1.]
0.01184 [ 0.  1.  1.  1. -1.  1. -1. -1.]
0.01251 [ 0.  1. -1.  0. -1.  1.  0.  0.]
0.01416 [ 0.  0.  1. -1. -1.  1.  1. -1.]
0.01471 [-1.  1. -1.  1.  1. -1.  0.  0.]
0.01602 [-1. -1.  0.  0.  0.  1.  0.  0.]
0.01636 [-1.  0.  1.  0.  1. -1.  1. -1.]
Precision 4
Numebers 8

9 : 
0.00195 [ 1.  1. -1. -1. -1. -1.  0.  1.  1.]
0.00391 [-1. -1. -1.  1.  1. -1.  1. -1.  1.]
0.0117 [-1.  1.  1. -1.  1. -1. -1.  0.  1.]
Precision 3
Numebers 3

9 : 
0.0001221 [-1. -1.  1.  1.  1.  1.  0. -1. -1.]
0.0006104 [-1. -1. -1.  0.  1.  1.  1.  0. -1.]
0.001099 [ 0. -1. -1.  0. -1.  1.  1. -1.  1.]
0.001221 [ 1.  0.  1.  1. -1.  0. -1.  1. -1.]
0.001831 [-1. -1. -1.  1.  1.  0. -1.  1.  0.]
0.002808 [ 1.  0.  1.  1. -1. -1.  1. -1.  0.]
0.003296 [-1. -1. -1.  1.  1. -1.  1. -1.  1.]
0.003418 [ 0. -1.  0. -1.  0. -1.  0.  1.  1.]
0.00354 [ 1. -1.  1. -1. -1.  0.  1.  1. -1.]
Precision 4
Numebers 9

At5,precision 2
At6,precision 3
At7,precision 3
At8,precision 4
At9,precision 4
